BNP Paribas: Kursy walut
TABELA KURSÓW WALUT DLA ZOBOWIĄZAŃ KREDYTOWYCH W BNP PARIBAS BANK POLSKA S.A.
na potrzeby obsługi aneksów antyspreadowych do produktów denominowanych do walut obcych oferowanych klientom detalicznym (konsumentom)

Dodatkowe wpisy, które nie są widoczne stronie internetowej (dni wolne):
2021-05-01	84 12:30	25034	4,0465	4,2539	0,2074	4,1502
2021-06-12	113 17:42	25231	4,0017	4,2069	0,2052	4,1043
2021-08-15	159 15:12	25547	4,1149	4,3259	0,2110	4,2204


Data	Nr tabeli Godzina	Kod tabeli	Kupno	Sprzedaż	Spread	Kurs średni
2020-10-22	3 12:30	24057	4,1646	4,3782	0,2136	4,2714
2020-10-23	4 12:30	24068	4,1664	4,3800	0,2137	4,2732
2020-10-26	5 12:30	24075	4,1666	4,3802	0,2137	4,2734
2020-10-27	6 12:42	24082	4,1673	4,3811	0,2137	4,2742
2020-10-28	7 16:31	24095	4,2036	4,4190	0,2154	4,3113
2020-10-29	8 14:38	24104	4,2246	4,4412	0,2166	4,3329
2020-10-30	9 12:30	24105	4,2118	4,4276	0,2158	4,3197
2020-11-02	10 15:42	24115	4,2046	4,4202	0,2156	4,3124
2020-11-03	11 12:30	24119	4,1609	4,3741	0,2132	4,2675
2020-11-04	12 12:30	24126	4,1531	4,3659	0,2128	4,2595
2020-11-05	13 12:30	24136	4,1192	4,3304	0,2112	4,2248
2020-11-06	14 12:30	24143	4,1309	4,3427	0,2118	4,2368
2020-11-09	15 09:31	24152	4,1309	4,3427	0,2118	4,2368
2020-11-09	16 17:16	24161	4,0927	4,3025	0,2098	4,1976
2020-11-10	17 12:30	24162	4,0628	4,2710	0,2082	4,1669
2020-11-12	18 12:30	24169	4,0534	4,2612	0,2078	4,1573
2020-11-13	19 12:30	24176	4,0565	4,2645	0,2080	4,1605
2020-11-16	20 12:30	24183	4,0427	4,2499	0,2072	4,1463
2020-11-17	21 17:12	24196	4,0555	4,2633	0,2078	4,1594
2020-11-18	22 12:30	24197	4,0323	4,2389	0,2066	4,1356
2020-11-19	23 12:30	24204	4,0412	4,2484	0,2072	4,1448
2020-11-20	24 12:30	24211	4,0323	4,2389	0,2066	4,1356
2020-11-23	25 12:39	24218	4,0275	4,2339	0,2064	4,1307
2020-11-24	26 12:30	24225	4,0265	4,2329	0,2064	4,1297
2020-11-25	27 12:30	24232	4,0142	4,2200	0,2058	4,1171
2020-11-26	28 12:30	24239	4,0320	4,2386	0,2066	4,1353
2020-11-27	29 12:30	24246	4,0441	4,2513	0,2072	4,1477
2020-11-30	30 12:30	24259	4,0330	4,2398	0,2068	4,1364
2020-12-01	31 12:30	24260	4,0196	4,2256	0,2060	4,1226
2020-12-02	32 12:30	24267	4,0085	4,2139	0,2054	4,1112
2020-12-03	33 12:30	24276	4,0328	4,2396	0,2068	4,1362
2020-12-04	34 12:30	24283	4,0210	4,2272	0,2062	4,1241
2020-12-07	35 12:30	24290	4,0382	4,2452	0,2070	4,1417
2020-12-08	36 12:30	24297	4,0466	4,2540	0,2074	4,1503
2020-12-09	37 12:30	24304	4,0242	4,2304	0,2062	4,1273
2020-12-10	38 12:30	24311	4,0111	4,2167	0,2056	4,1139
2020-12-11	39 12:30	24318	4,0254	4,2318	0,2064	4,1286
2020-12-14	40 12:30	24331	4,0242	4,2304	0,2062	4,1273
2020-12-15	41 12:30	24332	4,0223	4,2285	0,2062	4,1254
2020-12-16	42 12:30	24339	4,0116	4,2172	0,2056	4,1144
2020-12-17	43 12:30	24346	4,0057	4,2111	0,2054	4,1084
2020-12-18	44 12:30	24353	4,0017	4,2069	0,2052	4,1043
2020-12-21	45 12:30	24360	4,0686	4,2772	0,2086	4,1729
2020-12-22	46 12:30	24367	4,0585	4,2665	0,2080	4,1625
2020-12-23	47 12:30	24374	4,0480	4,2554	0,2074	4,1517
2020-12-24	48 12:30	24381	4,0564	4,2644	0,2080	4,1604
2020-12-28	49 12:30	24388	4,0193	4,2253	0,2060	4,1223
2020-12-29	50 12:30	24395	4,0493	4,2569	0,2076	4,1531
2020-12-30	51 12:30	24402	4,0666	4,2750	0,2084	4,1708
2020-12-31	52 12:30	24406	4,1575	4,3707	0,2132	4,2641
2021-01-04	1 12:30	24416	4,1004	4,3106	0,2102	4,2055
2021-01-05	2 12:30	24424	4,1027	4,3129	0,2102	4,2078
2021-01-07	3 12:30	24431	4,0468	4,2542	0,2074	4,1505
2021-01-08	4 12:30	24440	4,0633	4,2715	0,2082	4,1674
2021-01-11	5 12:30	24447	4,0849	4,2943	0,2094	4,1896
2021-01-12	6 13:12	24454	4,0743	4,2831	0,2088	4,1787
2021-01-13	7 12:30	24461	4,0809	4,2901	0,2092	4,1855
2021-01-14	8 12:30	24468	4,1014	4,3116	0,2102	4,2065
2021-01-15	9 12:30	24475	4,1164	4,3274	0,2110	4,2219
2021-01-18	10 12:30	24482	4,1234	4,3348	0,2114	4,2291
2021-01-19	11 12:30	24489	4,1077	4,3183	0,2106	4,2130
2021-01-20	12 12:30	24496	4,0925	4,3023	0,2098	4,1974
2021-01-21	13 12:30	24503	4,1002	4,3104	0,2102	4,2053
2021-01-22	14 12:42	24510	4,1050	4,3154	0,2104	4,2102
2021-01-25	15 13:21	24517	4,1106	4,3214	0,2108	4,2160
2021-01-26	16 12:30	24524	4,1129	4,3237	0,2108	4,2183
2021-01-27	17 12:30	24531	4,1160	4,3270	0,2110	4,2215
2021-01-28	18 12:30	24538	4,1163	4,3273	0,2110	4,2218
2021-01-29	19 12:30	24545	4,1063	4,3167	0,2104	4,2115
2021-02-01	20 12:30	24552	4,0668	4,2752	0,2084	4,1710
2021-02-02	21 12:30	24559	4,0594	4,2674	0,2080	4,1634
2021-02-03	22 12:30	24566	4,0517	4,2593	0,2076	4,1555
2021-02-04	23 12:30	24573	4,0533	4,2611	0,2078	4,1572
2021-02-05	24 12:42	24580	4,0551	4,2629	0,2078	4,1590
2021-02-08	25 14:05	24587	4,0362	4,2430	0,2068	4,1396
2021-02-09	26 12:30	24594	4,0344	4,2412	0,2068	4,1378
2021-02-10	27 12:30	24601	4,0433	4,2505	0,2072	4,1469
2021-02-11	28 12:30	24608	4,0656	4,2740	0,2084	4,1698
2021-02-12	29 12:30	24645	4,0635	4,2717	0,2082	4,1676
2021-02-15	30 12:30	24652	4,0449	4,2523	0,2074	4,1486
2021-02-16	31 12:30	24659	4,0529	4,2607	0,2078	4,1568
2021-02-17	32 12:30	24666	4,0626	4,2708	0,2082	4,1667
2021-02-18	33 12:30	24673	4,0401	4,2471	0,2070	4,1436
2021-02-19	34 12:30	24680	4,0343	4,2411	0,2068	4,1377
2021-02-22	35 12:30	24687	4,0256	4,2320	0,2064	4,1288
2021-02-23	36 12:30	24694	4,0227	4,2289	0,2062	4,1258
2021-02-24	37 12:30	24701	3,9936	4,1982	0,2046	4,0959
2021-02-25	38 12:30	24708	3,9751	4,1789	0,2038	4,0770
2021-02-26	39 12:30	24715	4,0175	4,2235	0,2060	4,1205
2021-03-01	40 12:30	24722	4,0181	4,2241	0,2060	4,1211
2021-03-02	41 12:30	24729	4,0092	4,2148	0,2056	4,1120
2021-03-03	42 12:30	24736	3,9957	4,2005	0,2048	4,0981
2021-03-04	43 12:30	24743	3,9978	4,2028	0,2050	4,1003
2021-03-05	44 12:30	24750	4,0281	4,2345	0,2064	4,1313
2021-03-08	45 12:30	24757	4,0381	4,2451	0,2070	4,1416
2021-03-09	46 12:30	24764	4,0235	4,2297	0,2062	4,1266
2021-03-10	47 12:30	24771	4,0301	4,2367	0,2066	4,1334
2021-03-11	48 12:30	24778	4,0353	4,2421	0,2068	4,1387
2021-03-12	49 12:30	24785	4,0339	4,2407	0,2068	4,1373
2021-03-15	50 13:12	24792	4,0322	4,2388	0,2066	4,1355
2021-03-16	51 12:30	24799	4,0483	4,2559	0,2076	4,1521
2021-03-17	52 12:30	24806	4,0711	4,2797	0,2086	4,1754
2021-03-18	53 12:30	24814	4,0792	4,2882	0,2090	4,1837
2021-03-19	54 12:30	24822	4,0775	4,2865	0,2090	4,1820
2021-03-22	55 12:30	24829	4,0783	4,2873	0,2090	4,1828
2021-03-23	56 12:30	24836	4,0662	4,2746	0,2084	4,1704
2021-03-24	57 12:30	24843	4,0780	4,2870	0,2090	4,1825
2021-03-25	58 12:30	24850	4,0895	4,2991	0,2096	4,1943
2021-03-26	59 12:30	24857	4,0769	4,2859	0,2090	4,1814
2021-03-29	60 12:30	24864	4,1110	4,3218	0,2108	4,2164
2021-03-30	61 12:30	24871	4,0989	4,3091	0,2102	4,2040
2021-03-31	62 12:30	24878	4,1067	4,3171	0,2104	4,2119
2021-04-01	63 12:30	24887	4,0603	4,2685	0,2082	4,1644
2021-04-02	64 12:30	24894	4,0393	4,2463	0,2070	4,1428
2021-04-06	65 12:30	24901	4,0515	4,2591	0,2076	4,1553
2021-04-07	66 12:30	24908	4,0509	4,2585	0,2076	4,1547
2021-04-08	67 12:30	24915	4,0320	4,2386	0,2066	4,1353
2021-04-09	68 12:30	24922	4,0234	4,2296	0,2062	4,1265
2021-04-12	69 12:30	24929	4,0192	4,2252	0,2060	4,1222
2021-04-13	70 12:30	24936	4,0437	4,2509	0,2072	4,1473
2021-04-14	71 12:30	24943	4,0378	4,2448	0,2070	4,1413
2021-04-15	72 12:30	24953	4,0169	4,2227	0,2058	4,1198
2021-04-16	73 12:30	24960	4,0248	4,2310	0,2062	4,1279
2021-04-19	74 12:30	24967	4,0315	4,2381	0,2066	4,1348
2021-04-20	75 12:30	24974	4,0226	4,2288	0,2062	4,1257
2021-04-21	76 12:30	24981	4,0292	4,2358	0,2066	4,1325
2021-04-22	77 12:30	24988	4,0321	4,2387	0,2066	4,1354
2021-04-23	78 12:30	24995	4,0321	4,2387	0,2066	4,1354
2021-04-26	79 12:30	25002	4,0160	4,2218	0,2058	4,1189
2021-04-27	80 12:30	25009	4,0227	4,2289	0,2062	4,1258
2021-04-28	81 12:30	25016	4,0380	4,2450	0,2070	4,1415
2021-04-29	82 12:30	25023	4,0472	4,2546	0,2074	4,1509
2021-04-30	83 12:30	25030	4,0465	4,2539	0,2074	4,1502
2021-05-04	85 12:30	25038	4,0414	4,2486	0,2072	4,1450
2021-05-05	86 12:30	25045	4,0614	4,2696	0,2082	4,1655
2021-05-06	87 12:30	25052	4,0764	4,2854	0,2090	4,1809
2021-05-07	88 12:30	25059	4,0680	4,2766	0,2086	4,1723
2021-05-10	89 12:30	25066	4,0610	4,2692	0,2082	4,1651
2021-05-11	90 12:30	25073	4,0553	4,2631	0,2078	4,1592
2021-05-12	91 12:30	25080	4,0378	4,2448	0,2070	4,1413
2021-05-13	92 12:30	25087	4,0436	4,2508	0,2072	4,1472
2021-05-14	93 12:30	25094	4,0378	4,2448	0,2070	4,1413
2021-05-17	94 12:30	25101	4,0314	4,2380	0,2066	4,1347
2021-05-18	95 12:30	25108	4,0269	4,2333	0,2064	4,1301
2021-05-19	96 12:30	25115	4,0164	4,2222	0,2058	4,1193
2021-05-20	97 12:30	25122	4,0086	4,2140	0,2054	4,1113
2021-05-21	98 12:30	25129	3,9975	4,2023	0,2048	4,0999
2021-05-24	99 12:30	25136	3,9912	4,1958	0,2046	4,0935
2021-05-25	100 12:30	25143	3,9880	4,1924	0,2044	4,0902
2021-05-26	101 12:30	25150	3,9969	4,2017	0,2048	4,0993
2021-05-27	102 12:30	25157	4,0060	4,2114	0,2054	4,1087
2021-05-28	103 12:30	25164	3,9918	4,1964	0,2046	4,0941
2021-05-31	104 12:30	25171	3,9795	4,1835	0,2040	4,0815
2021-06-01	105 12:30	25178	3,9692	4,1726	0,2034	4,0709
2021-06-02	106 12:30	25185	3,9690	4,1724	0,2034	4,0707
2021-06-04	107 12:30	25192	3,9818	4,1858	0,2040	4,0838
2021-06-07	108 12:30	25199	3,9738	4,1774	0,2036	4,0756
2021-06-08	109 12:30	25206	3,9879	4,1923	0,2044	4,0901
2021-06-09	110 12:30	25213	3,9756	4,1794	0,2038	4,0775
2021-06-10	111 12:30	25220	4,0057	4,2111	0,2054	4,1084
2021-06-11	112 12:30	25227	4,0017	4,2069	0,2052	4,1043
2021-06-14	114 12:30	25235	4,0326	4,2394	0,2068	4,1360
2021-06-15	115 12:30	25242	4,0561	4,2641	0,2080	4,1601
2021-06-16	116 12:30	25249	4,0528	4,2606	0,2078	4,1567
2021-06-17	117 12:30	25256	4,0468	4,2542	0,2074	4,1505
2021-06-18	118 12:30	25263	4,0541	4,2619	0,2078	4,1580
2021-06-21	119 12:30	25270	4,0449	4,2523	0,2074	4,1486
2021-06-22	120 12:30	25277	4,0415	4,2487	0,2072	4,1451
2021-06-23	121 12:42	25284	4,0201	4,2261	0,2060	4,1231
2021-06-24	122 12:30	25291	4,0264	4,2328	0,2064	4,1296
2021-06-25	123 12:30	25298	4,0146	4,2204	0,2058	4,1175
2021-06-28	124 12:30	25305	4,0111	4,2167	0,2056	4,1139
2021-06-29	125 12:30	25312	4,0132	4,2190	0,2058	4,1161
2021-06-30	126 12:30	25319	4,0182	4,2242	0,2060	4,1212
2021-07-01	127 12:30	25326	4,0138	4,2196	0,2058	4,1167
2021-07-02	128 12:30	25333	4,0285	4,2349	0,2064	4,1317
2021-07-05	129 12:30	25340	4,0177	4,2237	0,2060	4,1207
2021-07-06	130 12:30	25347	4,0143	4,2201	0,2058	4,1172
2021-07-07	131 12:30	25354	4,0367	4,2437	0,2070	4,1402
2021-07-08	132 12:30	25361	4,0812	4,2904	0,2092	4,1858
2021-07-09	133 12:30	25368	4,0916	4,3014	0,2098	4,1965
2021-07-12	134 12:30	25375	4,0916	4,3014	0,2098	4,1965
2021-07-13	135 12:30	25382	4,1035	4,3139	0,2104	4,2087
2021-07-14	136 12:30	25389	4,1325	4,3443	0,2118	4,2384
2021-07-15	137 12:30	25396	4,1291	4,3407	0,2116	4,2349
2021-07-16	138 12:30	25403	4,1164	4,3274	0,2110	4,2219
2021-07-19	139 12:30	25410	4,1240	4,3354	0,2114	4,2297
2021-07-20	140 12:30	25417	4,1416	4,3538	0,2122	4,2477
2021-07-21	141 12:30	25424	4,1320	4,3438	0,2118	4,2379
2021-07-22	142 12:30	25431	4,1223	4,3335	0,2112	4,2279
2021-07-23	143 12:42	25438	4,1153	4,3263	0,2110	4,2208
2021-07-26	144 12:30	25445	4,1322	4,3440	0,2118	4,2381
2021-07-27	145 12:30	25452	4,1477	4,3603	0,2126	4,2540
2021-07-28	146 12:30	25459	4,1470	4,3596	0,2126	4,2533
2021-07-29	147 12:42	25466	4,1463	4,3589	0,2126	4,2526
2021-07-30	148 12:30	25473	4,1383	4,3505	0,2122	4,2444
2021-08-02	149 12:30	25480	4,1324	4,3442	0,2118	4,2383
2021-08-03	150 12:30	25487	4,1307	4,3425	0,2118	4,2366
2021-08-04	151 12:30	25494	4,1302	4,3420	0,2118	4,2361
2021-08-05	152 12:30	25501	4,1393	4,3515	0,2122	4,2454
2021-08-06	153 12:30	25508	4,1362	4,3482	0,2120	4,2422
2021-08-09	154 12:30	25515	4,1361	4,3481	0,2120	4,2421
2021-08-10	155 12:30	25522	4,1216	4,3328	0,2112	4,2272
2021-08-11	156 12:30	25529	4,1326	4,3444	0,2118	4,2385
2021-08-12	157 12:30	25536	4,1344	4,3464	0,2120	4,2404
2021-08-13	158 12:30	25543	4,1149	4,3259	0,2110	4,2204
2021-08-16	160 12:30	25551	4,1365	4,3485	0,2120	4,2425
2021-08-17	161 12:30	25558	4,1537	4,3667	0,2130	4,2602
2021-08-18	162 12:30	25565	4,1490	4,3616	0,2126	4,2553
2021-08-19	163 12:30	25572	4,1748	4,3888	0,2140	4,2818
2021-08-20	164 12:30	25579	4,1746	4,3886	0,2140	4,2816
2021-08-23	165 12:30	25586	4,1712	4,3850	0,2138	4,2781
2021-08-24	166 12:30	25593	4,1741	4,3881	0,2140	4,2811
2021-08-25	167 12:30	25600	4,1509	4,3637	0,2128	4,2573
2021-08-26	168 12:30	25607	4,1362	4,3482	0,2120	4,2422
2021-08-27	169 12:30	25614	4,1381	4,3503	0,2122	4,2442
2021-08-30	170 12:30	25622	4,1232	4,3346	0,2114	4,2289
2021-08-31	171 12:30	25629	4,0935	4,3033	0,2098	4,1984
2021-09-01	172 12:30	25636	4,0646	4,2730	0,2084	4,1688
2021-09-02	173 12:30	25643	4,0516	4,2592	0,2076	4,1554
2021-09-03	174 12:30	25650	4,0529	4,2607	0,2078	4,1568
2021-09-06	175 12:30	25657	4,0508	4,2584	0,2076	4,1546
2021-09-07	176 12:30	25664	4,0573	4,2653	0,2080	4,1613
2021-09-08	177 12:30	25671	4,0504	4,2580	0,2076	4,1542
2021-09-09	178 12:30	25678	4,0622	4,2704	0,2082	4,1663
2021-09-10	179 12:30	25685	4,0908	4,3004	0,2096	4,1956
2021-09-13	180 12:30	25692	4,0738	4,2826	0,2088	4,1782
2021-09-14	181 12:30	25699	4,0762	4,2852	0,2090	4,1807
2021-09-15	182 12:30	25706	4,0872	4,2968	0,2096	4,1920
2021-09-16	183 12:30	25713	4,1003	4,3105	0,2102	4,2054
2021-09-17	184 12:30	25720	4,0881	4,2977	0,2096	4,1929
2021-09-20	185 12:30	25727	4,1118	4,3226	0,2108	4,2172
2021-09-21	186 12:30	25734	4,1427	4,3551	0,2124	4,2489
2021-09-22	187 12:30	25741	4,1720	4,3858	0,2138	4,2789
2021-09-23	188 12:30	25748	4,1432	4,3556	0,2124	4,2494
2021-09-24	189 12:30	25755	4,1432	4,3556	0,2124	4,2494
2021-09-27	190 12:30	25762	4,1250	4,3364	0,2114	4,2307
2021-09-28	191 12:30	25769	4,1557	4,3687	0,2130	4,2622
2021-09-29	192 12:30	25776	4,1627	4,3761	0,2134	4,2694
2021-09-30	193 12:30	25783	4,1657	4,3793	0,2136	4,2725
2021-10-01	194 12:30	25790	4,1515	4,3643	0,2128	4,2579
2021-10-04	195 12:30	25797	4,1312	4,3430	0,2118	4,2371
2021-10-05	196 12:30	25804	4,1766	4,3906	0,2140	4,2836
2021-10-06	197 12:30	25811	4,1927	4,4077	0,2150	4,3002
2021-10-07	198 12:30	25818	4,1368	4,3488	0,2120	4,2428
2021-10-08	199 12:30	25825	4,1688	4,3824	0,2136	4,2756
2021-10-11	200 12:30	25832	4,1945	4,4095	0,2150	4,3020
2021-10-12	201 12:30	25839	4,1677	4,3813	0,2136	4,2745
2021-10-13	202 12:30	25846	4,1617	4,3751	0,2134	4,2684
2021-10-14	203 12:30	25853	4,1744	4,3884	0,2140	4,2814
2021-10-15	204 12:30	25860	4,1624	4,3758	0,2134	4,2691
2021-10-18	205 12:30	25867	4,1546	4,3676	0,2130	4,2611
2021-10-19	206 12:30	25874	4,1578	4,3710	0,2132	4,2644
2021-10-20	207 12:30	25881	4,1572	4,3702	0,2130	4,2637
2021-10-21	208 12:30	25888	4,1827	4,3971	0,2144	4,2899
2021-10-22	209 12:30	25895	4,2079	4,4235	0,2156	4,3157
2021-10-25	210 12:30	25902	4,1978	4,4130	0,2152	4,3054
2021-10-25	211 15:40	25909	4,1978	4,4130	0,2152	4,3054
2021-10-26	212 12:30	25913	4,2052	4,4208	0,2156	4,3130
2021-10-27	213 12:30	25922	4,2278	4,4446	0,2168	4,3362
2021-10-28	214 12:30	25929	4,2387	4,4559	0,2172	4,3473
2021-10-29	215 12:30	25936	4,2409	4,4583	0,2174	4,3496
2021-11-02	216 12:30	25943	4,2525	4,4705	0,2180	4,3615
2021-11-03	217 12:30	25950	4,2466	4,4642	0,2176	4,3554
2021-11-04	218 12:30	25957	4,2526	4,4706	0,2180	4,3616
2021-11-05	219 12:30	25964	4,2530	4,4710	0,2180	4,3620
2021-11-08	220 12:30	25971	4,2359	4,4531	0,2172	4,3445
2021-11-09	221 12:30	25978	4,2316	4,4486	0,2170	4,3401
2021-11-10	222 12:30	25985	4,2467	4,4643	0,2176	4,3555
2021-11-12	223 12:30	25992	4,2885	4,5083	0,2198	4,3984
2021-11-15	224 12:30	25999	4,2908	4,5108	0,2200	4,4008
2021-11-16	225 12:30	26006	4,3178	4,5392	0,2214	4,4285
2021-11-17	226 12:30	26013	4,3127	4,5337	0,2210	4,4232
2021-11-18	227 12:30	26019	4,3238	4,5454	0,2216	4,4346
2021-11-19	228 12:30	26028	4,3663	4,5901	0,2238	4,4782
2021-11-22	229 12:30	26034	4,3962	4,6216	0,2254	4,5089
2021-11-23	230 12:30	26041	4,3825	4,6071	0,2246	4,4948
2021-11-24	231 12:30	26049	4,3524	4,5754	0,2230	4,4639
2021-11-25	232 12:30	26056	4,3446	4,5674	0,2228	4,4560
2021-11-26	233 12:30	26062	4,3945	4,6197	0,2252	4,5071
2021-11-29	234 17:00	26070	4,3888	4,6138	0,2250	4,5013
2021-11-30	235 12:30	26074	4,3766	4,6010	0,2244	4,4888
2021-12-01	236 12:30	26081	4,3536	4,5768	0,2232	4,4652
2021-12-02	237 12:30	26088	4,3028	4,5234	0,2206	4,4131
2021-12-03	238 12:30	26094	4,3061	4,5269	0,2208	4,4165
2021-12-06	239 12:30	26100	4,2929	4,5129	0,2200	4,4029
2021-12-07	240 12:30	26106	4,3065	4,5273	0,2208	4,4169
2021-12-08	241 12:30	26112	4,2948	4,5150	0,2202	4,4049
2021-12-09	242 12:30	26118	4,3198	4,5412	0,2214	4,4305
2021-12-10	243 12:30	26124	4,3153	4,5365	0,2212	4,4259
2021-12-13	244 12:30	26130	4,3227	4,5443	0,2216	4,4335
2021-12-14	245 12:30	26136	4,3516	4,5746	0,2230	4,4631
2021-12-15	246 12:30	26141	4,3253	4,5471	0,2218	4,4362
2021-12-16	247 12:30	26146	4,3199	4,5413	0,2214	4,4306
2021-12-17	248 12:30	26152	4,3418	4,5644	0,2226	4,4531
2021-12-20	249 12:30	26157	4,3451	4,5679	0,2228	4,4565
2021-12-21	250 12:30	26169	4,3351	4,5573	0,2222	4,4462
2021-12-22	251 12:30	26175	4,3227	4,5443	0,2216	4,4335
2021-12-23	252 12:30	26182	4,3385	4,5609	0,2224	4,4497
2021-12-24	253 12:30	26188	4,3347	4,5569	0,2222	4,4458
2021-12-27	254 12:30	26194	4,3352	4,5574	0,2222	4,4463
2021-12-28	255 12:30	26200	4,3220	4,5436	0,2216	4,4328
2021-12-29	256 12:30	26206	4,3253	4,5471	0,2218	4,4362
2021-12-30	257 12:30	26213	4,3156	4,5368	0,2212	4,4262
2021-12-31	258 12:30	26219	4,3372	4,5596	0,2224	4,4484
2022-01-03	1 12:30	26225	4,3218	4,5434	0,2216	4,4326
2022-01-04	2 12:30	26231	4,2988	4,5192	0,2204	4,4090
2022-01-05	3 12:30	26237	4,3004	4,5208	0,2204	4,4106
2022-01-07	4 12:30	26243	4,2627	4,4813	0,2186	4,3720
2022-01-10	5 12:30	26249	4,2413	4,4587	0,2174	4,3500
2022-01-11	6 12:30	26255	4,2218	4,4382	0,2164	4,3300
2022-01-12	7 12:30	26261	4,2113	4,4271	0,2158	4,3192
2022-01-13	8 12:30	26267	4,2163	4,4325	0,2162	4,3244
2022-01-14	9 12:30	26273	4,2380	4,4552	0,2172	4,3466
2022-01-17	10 12:30	26279	4,2228	4,4392	0,2164	4,3310
2022-01-18	11 12:30	26285	4,2351	4,4521	0,2170	4,3436
2022-01-19	12 12:30	26291	4,2505	4,4683	0,2178	4,3594
2022-01-20	13 12:30	26297	4,2424	4,4598	0,2174	4,3511
2022-01-21	14 12:30	26303	4,2692	4,4880	0,2188	4,3786
2022-01-24	15 12:30	26309	4,2834	4,5030	0,2196	4,3932
2022-01-25	16 12:30	26315	4,3057	4,5265	0,2208	4,4161
2022-01-26	17 12:30	26321	4,3106	4,5316	0,2210	4,4211
2022-01-27	18 12:30	26327	4,2929	4,5129	0,2200	4,4029
2022-01-28	19 12:30	26333	4,2984	4,5188	0,2204	4,4086
2022-01-31	20 12:30	26339	4,3053	4,5259	0,2206	4,4156
2022-02-01	21 12:30	26345	4,2985	4,5189	0,2204	4,4087
2022-02-02	22 12:30	26351	4,2696	4,4884	0,2188	4,3790
2022-02-03	23 12:30	26357	4,2565	4,4747	0,2182	4,3656
2022-02-04	24 12:30	26363	4,1970	4,4122	0,2152	4,3046
2022-02-07	25 12:30	26369	4,2035	4,4189	0,2154	4,3112
2022-02-08	26 12:30	26375	4,1899	4,4047	0,2148	4,2973
2022-02-09	27 12:30	26381	4,1729	4,3867	0,2138	4,2798
2022-02-10	28 12:30	26387	4,1404	4,3526	0,2122	4,2465
2022-02-11	29 12:30	26393	4,1686	4,3822	0,2136	4,2754
2022-02-14	30 12:30	26399	4,2657	4,4843	0,2186	4,3750
2022-02-15	31 12:30	26405	4,1881	4,4027	0,2146	4,2954
2022-02-16	32 12:30	26411	4,1639	4,3773	0,2134	4,2706
2022-02-17	33 12:30	26417	4,1994	4,4146	0,2152	4,3070
2022-02-18	34 12:30	26423	4,2153	4,4313	0,2160	4,3233
2022-02-21	35 12:30	26429	4,2245	4,4411	0,2166	4,3328
2022-02-22	36 12:30	26435	4,2585	4,4767	0,2182	4,3676
2022-02-23	37 12:30	26441	4,2316	4,4486	0,2170	4,3401
2022-02-24	38 12:30	26448	4,3688	4,5928	0,2240	4,4808
2022-02-25	39 12:30	26455	4,3876	4,6126	0,2250	4,5001
2022-02-28	40 12:30	26464	4,4346	4,6620	0,2274	4,5483
2022-03-01	41 12:30	26471	4,4887	4,7187	0,2300	4,6037
2022-03-02	42 12:30	26477	4,6032	4,8392	0,2360	4,7212
2022-03-03	43 12:30	26483	4,5853	4,8203	0,2350	4,7028
2022-03-04	44 12:30	26489	4,6593	4,8981	0,2388	4,7787
2022-03-07	45 12:30	26495	4,8216	5,0688	0,2472	4,9452
2022-03-08	46 12:30	26502	4,7365	4,9793	0,2428	4,8579
2022-03-09	47 12:30	26509	4,6391	4,8769	0,2378	4,7580
2022-03-10	48 12:30	26515	4,5745	4,8089	0,2344	4,6917
2022-03-11	49 12:30	26521	4,5718	4,8062	0,2344	4,6890
2022-03-14	50 12:30	26527	4,5153	4,7467	0,2314	4,6310
2022-03-15	51 12:30	26533	4,4649	4,6937	0,2288	4,5793
2022-03-16	52 12:30	26539	4,4412	4,6688	0,2276	4,5550
2022-03-17	53 12:30	26545	4,3999	4,6255	0,2256	4,5127
2022-03-18	54 12:30	26551	4,4559	4,6843	0,2284	4,5701
2022-03-21	55 12:30	26557	4,4474	4,6754	0,2280	4,5614
2022-03-22	56 12:30	26563	4,4503	4,6785	0,2282	4,5644
2022-03-23	57 12:30	26569	4,4579	4,6865	0,2286	4,5722
2022-03-24	58 12:30	26575	4,5252	4,7572	0,2320	4,6412
2022-03-25	59 12:30	26581	4,5365	4,7691	0,2326	4,6528
2022-03-28	60 12:30	26587	4,4555	4,6839	0,2284	4,5697
2022-03-29	61 12:30	26593	4,4664	4,6954	0,2290	4,5809
2022-03-30	62 12:30	26600	4,3919	4,6171	0,2252	4,5045
2022-03-31	63 12:30	26606	4,4077	4,6337	0,2260	4,5207
2022-04-01	64 12:30	26612	4,4296	4,6566	0,2270	4,5431
2022-04-04	65 12:30	26618	4,4256	4,6524	0,2268	4,5390
2022-04-05	66 12:30	26624	4,4451	4,6729	0,2278	4,5590
2022-04-06	67 12:30	26630	4,4549	4,6833	0,2284	4,5691
2022-04-07	68 12:30	26636	4,4649	4,6937	0,2288	4,5793
2022-04-08	69 12:30	26643	4,4522	4,6804	0,2282	4,5663
2022-04-11	70 12:30	26649	4,4435	4,6713	0,2278	4,5574
2022-04-12	71 12:30	26655	4,4855	4,7155	0,2300	4,6005
2022-04-13	72 12:30	26661	4,4866	4,7166	0,2300	4,6016
2022-04-14	73 12:30	26667	4,4401	4,6677	0,2276	4,5539
2022-04-15	74 12:30	26673	4,4356	4,6630	0,2274	4,5493
2022-04-19	75 12:30	26679	4,4197	4,6463	0,2266	4,5330
2022-04-20	76 12:30	26685	4,3923	4,6175	0,2252	4,5049
2022-04-21	77 12:30	26691	4,3791	4,6035	0,2244	4,4913
2022-04-22	78 12:30	26697	4,3807	4,6053	0,2246	4,4930
2022-04-25	79 12:30	26703	4,3921	4,6173	0,2252	4,5047
2022-04-26	80 12:30	26709	4,4162	4,6426	0,2264	4,5294
2022-04-27	81 12:30	26715	4,4891	4,7193	0,2302	4,6042
2022-04-28	82 12:30	26721	4,4773	4,7069	0,2296	4,5921
2022-04-29	83 12:30	26727	4,4367	4,6641	0,2274	4,5504
2022-05-02	84 12:30	26733	4,4616	4,6904	0,2288	4,5760
2022-05-04	85 12:30	26739	4,4200	4,6466	0,2266	4,5333
2022-05-05	86 12:30	26745	4,3871	4,6119	0,2248	4,4995
2022-05-06	87 12:30	26751	4,4067	4,6325	0,2258	4,5196
2022-05-09	88 12:30	26757	4,3948	4,6200	0,2252	4,5074
2022-05-10	89 12:30	26763	4,3415	4,5641	0,2226	4,4528
2022-05-11	90 12:30	26769	4,3583	4,5817	0,2234	4,4700
2022-05-12	91 12:30	26775	4,3895	4,6145	0,2250	4,5020
2022-05-13	92 12:30	26781	4,3722	4,5964	0,2242	4,4843
2022-05-16	93 12:30	26787	4,3468	4,5696	0,2228	4,4582
2022-05-17	94 12:30	26793	4,3429	4,5655	0,2226	4,4542
2022-05-18	95 12:30	26799	4,3286	4,5504	0,2218	4,4395
2022-05-19	96 12:30	26805	4,4171	4,6435	0,2264	4,5303
2022-05-20	97 12:30	26811	4,3935	4,6187	0,2252	4,5061
2022-05-23	98 12:30	26817	4,3637	4,5873	0,2236	4,4755
2022-05-24	99 12:30	26823	4,3605	4,5841	0,2236	4,4723
2022-05-25	100 12:30	26829	4,3609	4,5845	0,2236	4,4727
2022-05-26	101 12:30	26835	4,3878	4,6128	0,2250	4,5003
2022-05-27	102 12:30	26841	4,3694	4,5934	0,2240	4,4814
2022-05-30	103 12:30	26848	4,3431	4,5657	0,2226	4,4544
2022-05-31	104 12:30	26854	4,3278	4,5496	0,2218	4,4387
2022-06-01	105 12:30	26860	4,3418	4,5644	0,2226	4,4531
2022-06-02	106 12:30	26866	4,3572	4,5806	0,2234	4,4689
2022-06-03	107 12:30	26872	4,3434	4,5660	0,2226	4,4547
2022-06-06	108 12:30	26878	4,3302	4,5522	0,2220	4,4412
2022-06-07	109 12:30	26884	4,2900	4,5100	0,2200	4,4000
2022-06-08	110 12:30	26890	4,2739	4,4929	0,2190	4,3834
2022-06-09	111 12:30	26896	4,2604	4,4788	0,2184	4,3696
2022-06-10	112 12:30	26902	4,3185	4,5399	0,2214	4,4292
2022-06-13	113 12:30	26908	4,3480	4,5708	0,2228	4,4594
2022-06-14	114 12:30	26914	4,3843	4,6091	0,2248	4,4967
2022-06-15	115 12:30	26920	4,3460	4,5688	0,2228	4,4574
2022-06-17	116 12:30	26926	4,5068	4,7378	0,2310	4,6223
2022-06-20	117 12:30	26932	4,4844	4,7142	0,2298	4,5993
2022-06-21	118 12:30	26938	4,4374	4,6648	0,2274	4,5511
2022-06-22	119 12:30	26944	4,4673	4,6963	0,2290	4,5818
2022-06-23	120 12:30	26951	4,5216	4,7534	0,2318	4,6375
2022-06-24	121 12:30	26957	4,5375	4,7701	0,2326	4,6538
2022-06-27	122 12:54	26963	4,5157	4,7471	0,2314	4,6314
2022-06-28	123 12:30	26969	4,5351	4,7675	0,2324	4,6513
2022-06-29	124 12:30	26975	4,5446	4,7776	0,2330	4,6611
2022-06-30	125 12:30	26981	4,5732	4,8076	0,2344	4,6904
2022-07-01	126 12:30	26987	4,5899	4,8251	0,2352	4,7075
2022-07-04	127 12:30	26993	4,5739	4,8083	0,2344	4,6911
2022-07-05	128 12:30	26999	4,6450	4,8832	0,2382	4,7641
2022-07-06	129 12:30	27005	4,7080	4,9494	0,2414	4,8287
2022-07-07	130 12:30	27011	4,7208	4,9628	0,2420	4,8418
2022-07-08	131 12:30	27017	4,7315	4,9741	0,2426	4,8528
2022-07-11	132 12:30	27023	4,7199	4,9619	0,2420	4,8409
2022-07-12	133 12:30	27029	4,7806	5,0256	0,2450	4,9031
2022-07-13	134 12:30	27035	4,8038	5,0500	0,2462	4,9269
2022-07-14	135 12:30	27041	4,7810	5,0260	0,2450	4,9035
2022-07-15	136 12:30	27047	4,7707	5,0153	0,2446	4,8930
2022-07-18	137 12:30	27053	4,7178	4,9596	0,2418	4,8387
2022-07-19	138 12:30	27059	4,6836	4,9236	0,2400	4,8036
2022-07-20	139 12:30	27065	4,6783	4,9181	0,2398	4,7982
2022-07-21	140 12:30	27071	4,6808	4,9208	0,2400	4,8008
2022-07-22	141 12:30	27077	4,7268	4,9690	0,2422	4,8479
2022-07-25	142 12:30	27083	4,6720	4,9114	0,2394	4,7917
2022-07-26	143 12:30	27089	4,6745	4,9141	0,2396	4,7943
2022-07-27	144 12:30	27095	4,7814	5,0264	0,2450	4,9039
2022-07-28	145 12:30	27101	4,7814	5,0266	0,2452	4,9040
2022-07-29	146 12:30	27107	4,7465	4,9899	0,2434	4,8682
2022-08-01	147 12:30	27113	4,7512	4,9948	0,2436	4,8730
2022-08-02	148 12:30	27119	4,7114	4,9530	0,2416	4,8322
2022-08-03	149 12:30	27125	4,6924	4,9330	0,2406	4,8127
2022-08-04	150 12:30	27131	4,7021	4,9431	0,2410	4,8226
2022-08-05	151 12:30	27137	4,6950	4,9356	0,2406	4,8153
2022-08-08	152 12:30	27143	4,6934	4,9340	0,2406	4,8137
2022-08-09	153 12:30	27149	4,7034	4,9444	0,2410	4,8239
2022-08-10	154 12:30	27155	4,7243	4,9665	0,2422	4,8454
2022-08-11	155 12:30	27161	4,6931	4,9337	0,2406	4,8134
2022-08-12	156 12:30	27167	4,7111	4,9525	0,2414	4,8318
2022-08-16	157 12:30	27173	4,7565	5,0003	0,2438	4,8784
2022-08-17	158 12:30	27179	4,7288	4,9712	0,2424	4,8500
2022-08-18	159 12:30	27184	4,7515	4,9951	0,2436	4,8733
2022-08-19	160 12:30	27191	4,7931	5,0387	0,2456	4,9159
2022-08-22	161 12:30	27197	4,8208	5,0680	0,2472	4,9444
2022-08-23	162 12:30	27203	4,8454	5,0938	0,2484	4,9696
2022-08-24	163 12:30	27209	4,8669	5,1163	0,2494	4,9916
2022-08-25	164 12:30	27215	4,8180	5,0650	0,2470	4,9415
2022-08-26	165 12:30	27221	4,7967	5,0425	0,2458	4,9196
2022-08-29	166 12:30	27227	4,8109	5,0575	0,2466	4,9342
2022-08-30	167 12:30	27233	4,7463	4,9895	0,2432	4,8679
2022-08-31	168 12:30	27239	4,7256	4,9678	0,2422	4,8467
2022-09-01	169 12:30	27245	4,6910	4,9314	0,2404	4,8112
2022-09-02	170 12:30	27251	4,7032	4,9442	0,2410	4,8237
2022-09-05	171 12:30	27257	4,7275	4,9699	0,2424	4,8487
2022-09-06	172 12:30	27263	4,7104	4,9518	0,2414	4,8311
2022-09-07	173 12:30	27269	4,7203	4,9623	0,2420	4,8413
2022-09-08	174 12:30	27275	4,7228	4,9648	0,2420	4,8438
2022-09-09	175 12:30	27281	4,7476	4,9910	0,2434	4,8693
2022-09-12	176 12:30	27287	4,7218	4,9638	0,2420	4,8428
2022-09-13	177 12:30	27293	4,7534	4,9970	0,2436	4,8752
2022-09-14	178 12:30	27299	4,7945	5,0403	0,2458	4,9174
2022-09-15	179 12:30	27305	4,7909	5,0365	0,2456	4,9137
2022-09-16	180 12:30	27311	4,7906	5,0362	0,2456	4,9134
2022-09-19	181 12:30	27317	4,7643	5,0085	0,2442	4,8864
2022-09-20	182 12:30	27323	4,7553	4,9991	0,2438	4,8772
2022-09-21	183 12:30	27329	4,8445	5,0929	0,2484	4,9687
2022-09-22	184 12:30	27336	4,8381	5,0861	0,2480	4,9621
2022-09-23	185 12:30	27342	4,8459	5,0943	0,2484	4,9701
2022-09-26	186 12:30	27348	4,8600	5,1092	0,2492	4,9846
2022-09-27	187 12:30	27354	4,8882	5,1388	0,2506	5,0135
2022-09-28	188 12:30	27360	4,9443	5,1977	0,2534	5,0710
2022-09-29	189 12:30	27366	4,9920	5,2480	0,2560	5,1200
2022-09-30	190 12:30	27372	4,9447	5,1981	0,2534	5,0714
2022-10-03	191 12:30	27378	4,8561	5,1051	0,2490	4,9806
2022-10-04	192 12:30	27384	4,7985	5,0445	0,2460	4,9215
2022-10-05	193 12:30	27390	4,8067	5,0531	0,2464	4,9299
2022-10-06	194 12:30	27396	4,8628	5,1120	0,2492	4,9874
2022-10-07	195 12:30	27402	4,8814	5,1316	0,2502	5,0065
2022-10-10	196 12:30	27408	4,9113	5,1631	0,2518	5,0372
2022-10-11	197 12:30	27414	4,8925	5,1433	0,2508	5,0179
2022-10-12	198 12:30	27420	4,8976	5,1486	0,2510	5,0231
2022-10-13	199 12:30	27426	4,8715	5,1213	0,2498	4,9964
2022-10-14	200 12:30	27433	4,8288	5,0764	0,2476	4,9526
2022-10-17	201 12:30	27439	4,8158	5,0626	0,2468	4,9392
2022-10-18	202 12:30	27445	4,7864	5,0318	0,2454	4,9091
2022-10-19	203 12:30	27451	4,7677	5,0121	0,2444	4,8899
2022-10-20	204 12:30	27457	4,7500	4,9934	0,2434	4,8717
2022-10-21	205 12:30	27463	4,7307	4,9733	0,2426	4,8520
2022-10-24	206 12:30	27469	4,7397	4,9827	0,2430	4,8612
2022-10-25	207 12:30	27475	4,7151	4,9567	0,2416	4,8359
2022-10-26	208 12:30	27481	4,6998	4,9408	0,2410	4,8203
2022-10-27	209 12:30	27487	4,6604	4,8992	0,2388	4,7798
2022-10-28	210 12:30	27493	4,6513	4,8897	0,2384	4,7705
2022-10-31	211 12:30	27499	4,6192	4,8560	0,2368	4,7376
2022-11-02	212 12:30	27505	4,6465	4,8847	0,2382	4,7656
2022-11-03	213 12:30	27511	4,6505	4,8889	0,2384	4,7697
2022-11-04	214 12:30	27517	4,6335	4,8711	0,2376	4,7523
2022-11-07	215 12:30	27523	4,6128	4,8492	0,2364	4,7310
2022-11-08	216 12:30	27529	4,6232	4,8602	0,2370	4,7417
2022-11-09	217 12:30	27535	4,6281	4,8653	0,2372	4,7467
2022-11-10	218 12:30	27541	4,6708	4,9102	0,2394	4,7905
2022-11-14	219 12:30	27547	4,6778	4,9176	0,2398	4,7977
2022-11-15	220 12:30	27553	4,6858	4,9260	0,2402	4,8059
2022-11-16	221 12:30	27561	4,6691	4,9085	0,2394	4,7888
2022-11-17	222 12:30	27567	4,6712	4,9106	0,2394	4,7909
2022-11-18	223 12:30	27573	4,6484	4,8866	0,2382	4,7675
2022-11-21	224 12:30	27579	4,6746	4,9142	0,2396	4,7944
2022-11-22	225 12:30	27585	4,6778	4,9176	0,2398	4,7977
2022-11-23	226 12:30	27591	4,6612	4,9002	0,2390	4,7807
2022-11-24	227 12:30	27597	4,6613	4,9003	0,2390	4,7808
2022-11-25	228 12:30	27603	4,6536	4,8922	0,2386	4,7729
2022-11-28	229 12:30	27609	4,6367	4,8743	0,2376	4,7555
2022-11-29	230 12:30	27615	4,6263	4,8635	0,2372	4,7449
2022-11-30	231 12:30	27621	4,6236	4,8606	0,2370	4,7421
2022-12-01	232 12:30	27627	4,6391	4,8769	0,2378	4,7580
2022-12-02	233 12:30	27634	4,6387	4,8765	0,2378	4,7576
2022-12-05	234 12:30	27640	4,6354	4,8730	0,2376	4,7542
2022-12-06	235 12:30	27646	4,6286	4,8658	0,2372	4,7472
2022-12-07	236 12:30	27652	4,6418	4,8798	0,2380	4,7608
2022-12-08	237 12:30	27658	4,6309	4,8683	0,2374	4,7496
2022-12-09	238 12:30	27664	4,6288	4,8660	0,2372	4,7474
2022-12-12	239 12:30	27670	4,6434	4,8814	0,2380	4,7624
2022-12-13	240 12:30	27676	4,6363	4,8739	0,2376	4,7551
2022-12-14	241 12:30	27682	4,6254	4,8624	0,2370	4,7439
2022-12-15	242 12:30	27688	4,6295	4,8669	0,2374	4,7482
2022-12-16	243 12:30	27694	4,6375	4,8753	0,2378	4,7564
2022-12-19	244 12:30	27700	4,6267	4,8639	0,2372	4,7453
2022-12-20	245 12:30	27707	4,6336	4,8712	0,2376	4,7524
2022-12-21	246 12:30	27711	4,6257	4,8629	0,2372	4,7443
2022-12-22	247 12:30	27717	4,6175	4,8541	0,2366	4,7358
2022-12-23	248 12:30	27723	4,5752	4,8098	0,2346	4,6925
2022-12-27	249 12:30	27729	4,5860	4,8210	0,2350	4,7035
2022-12-28	250 12:30	27735	4,6253	4,8623	0,2370	4,7438
2022-12-29	251 12:30	27741	4,6532	4,8918	0,2386	4,7725
2022-12-30	252 12:30	27747	4,6488	4,8870	0,2382	4,7679
2023-01-02	1 12:30	27753	4,6195	4,8563	0,2368	4,7379
2023-01-03	2 12:30	27759	4,6159	4,8525	0,2366	4,7342
2023-01-04	3 12:30	27765	4,6268	4,8640	0,2372	4,7454
2023-01-05	4 12:30	27771	4,6252	4,8622	0,2370	4,7437
2023-01-09	5 12:30	27777	4,6416	4,8796	0,2380	4,7606
2023-01-10	6 12:30	27783	4,6337	4,8713	0,2376	4,7525
2023-01-11	7 12:30	27789	4,6085	4,8447	0,2362	4,7266
2023-01-12	8 12:30	27795	4,5604	4,7942	0,2338	4,6773
2023-01-13	9 12:30	27801	4,5435	4,7765	0,2330	4,6600
2023-01-16	10 12:30	27807	4,5786	4,8132	0,2346	4,6959
2023-01-17	11 12:30	27813	4,5830	4,8180	0,2350	4,7005
2023-01-18	12 12:30	27819	4,6263	4,8635	0,2372	4,7449
2023-01-19	13 12:30	27825	4,6252	4,8622	0,2370	4,7437
2023-01-20	14 12:30	27831	4,6099	4,8463	0,2364	4,7281
