BNP Paribas: Kursy walut
TABELA KURSÓW WALUT BNP PARIBAS BANK POLSKA S.A. (CHF)
na potrzeby obsługi produktów innych, niż produkty objęte aneksami antyspreadowymi dla klientów detalicznych (konsumentów)

Bank: BGZ
Zmiana ciągłości kodu tabeli w liniach: 367, 878

Data	Nr tabeli Godzina	Bank	Kod tabeli	Kupno	Sprzedaż	Spread	Kurs średni
2013-04-15	145 09:16	bgz	10401	3,2777	3,5411	0,2634	3,3790
2013-04-15	146 16:15	bgz	10407	3,2778	3,5412	0,2634	3,3791
2013-04-16	147 08:45	bgz	10413	3,2786	3,5422	0,2636	3,3800
2013-04-16	148 16:15	bgz	10419	3,2813	3,5450	0,2637	3,3827
2013-04-17	149 08:45	bgz	10425	3,2760	3,5394	0,2634	3,3773
2013-04-17	150 16:15	bgz	10431	3,2870	3,5512	0,2642	3,3886
2013-04-18	151 08:45	bgz	10437	3,2837	3,5476	0,2639	3,3852
2013-04-18	152 16:15	bgz	10443	3,2818	3,5455	0,2637	3,3832
2013-04-19	153 08:45	bgz	10449	3,2764	3,5398	0,2634	3,3777
2013-04-19	154 16:15	bgz	10455	3,2706	3,5335	0,2629	3,3717
2013-04-22	155 08:45	bgz	10461	3,2646	3,5270	0,2624	3,3655
2013-04-22	156 16:15	bgz	10467	3,2710	3,5339	0,2629	3,3721
2013-04-23	157 08:45	bgz	10473	3,2682	3,5309	0,2627	3,3692
2013-04-23	158 16:15	bgz	10479	3,2830	3,5469	0,2639	3,3845
2013-04-24	159 08:45	bgz	10485	3,2665	3,5291	0,2626	3,3675
2013-04-24	160 16:15	bgz	10491	3,2670	3,5296	0,2626	3,3680
2013-04-25	161 08:45	bgz	10497	3,2660	3,5286	0,2626	3,3670
2013-04-25	162 16:15	bgz	10503	3,2666	3,5292	0,2626	3,3676
2013-04-26	163 08:45	bgz	10509	3,2788	3,5424	0,2636	3,3802
2013-04-26	164 16:15	bgz	10515	3,2864	3,5506	0,2642	3,3880
2013-04-29	165 08:45	bgz	10521	3,2811	3,5448	0,2637	3,3825
2013-04-29	166 16:15	bgz	10527	3,2706	3,5335	0,2629	3,3717
2013-04-30	167 08:45	bgz	10533	3,2762	3,5396	0,2634	3,3775
2013-04-30	168 16:15	bgz	10539	3,2908	3,5553	0,2645	3,3925
2013-05-02	169 08:45	bgz	10545	3,3057	3,5714	0,2657	3,4079
2013-05-02	170 16:15	bgz	10551	3,2883	3,5527	0,2644	3,3900
2013-05-06	171 08:45	bgz	10557	3,2705	3,5334	0,2629	3,3716
2013-05-06	172 16:15	bgz	10563	3,2814	3,5451	0,2637	3,3828
2013-05-07	173 08:45	bgz	10569	3,2850	3,5490	0,2640	3,3865
2013-05-07	174 16:15	bgz	10575	3,2615	3,5236	0,2621	3,3623
2013-05-08	175 08:45	bgz	10581	3,2686	3,5313	0,2627	3,3696
2013-05-08	176 16:15	bgz	10587	3,2572	3,5190	0,2618	3,3579
2013-05-09	177 08:45	bgz	10593	3,2592	3,5211	0,2619	3,3599
2013-05-09	178 16:15	bgz	10599	3,2481	3,5092	0,2611	3,3485
2013-05-10	179 08:45	bgz	10605	3,2351	3,4951	0,2600	3,3351
2013-05-10	180 16:15	bgz	10611	3,2391	3,4994	0,2603	3,3392
2013-05-13	181 08:45	bgz	10617	3,2394	3,4997	0,2603	3,3395
2013-05-13	182 16:15	bgz	10623	3,2482	3,5093	0,2611	3,3486
2013-05-14	183 08:45	bgz	10629	3,2534	3,5149	0,2615	3,3540
2013-05-14	184 16:15	bgz	10635	3,2537	3,5153	0,2616	3,3543
2013-05-15	185 08:45	bgz	10639	3,2408	3,5013	0,2605	3,3410
2013-05-15	186 16:15	bgz	10643	3,2588	3,5207	0,2619	3,3595
2013-05-16	187 08:45	bgz	10647	3,2637	3,5261	0,2624	3,3646
2013-05-16	188 16:15	bgz	10651	3,2665	3,5291	0,2626	3,3675
2013-05-17	189 08:45	bgz	10655	3,2647	3,5271	0,2624	3,3656
2013-05-17	190 16:15	bgz	10659	3,2439	3,5047	0,2608	3,3442
2013-05-20	191 08:45	bgz	10663	3,2479	3,5090	0,2611	3,3483
2013-05-20	192 16:15	bgz	10667	3,2507	3,5120	0,2613	3,3512
2013-05-21	193 08:45	bgz	10671	3,2509	3,5122	0,2613	3,3514
2013-05-21	194 16:15	bgz	10675	3,2507	3,5120	0,2613	3,3512
2013-05-22	195 08:45	bgz	10679	3,2372	3,4974	0,2602	3,3373
2013-05-22	196 16:15	bgz	10683	3,2158	3,4743	0,2585	3,3152
2013-05-23	197 08:45	bgz	10687	3,2495	3,5108	0,2613	3,3500
2013-05-23	198 16:15	bgz	10691	3,2665	3,5291	0,2626	3,3675
2013-05-24	199 08:45	bgz	10695	3,2532	3,5147	0,2615	3,3538
2013-05-24	200 16:15	bgz	10699	3,2714	3,5343	0,2629	3,3725
2013-05-27	201 08:45	bgz	10703	3,2724	3,5355	0,2631	3,3736
2013-05-27	202 16:15	bgz	10707	3,2663	3,5289	0,2626	3,3673
2013-05-28	203 08:45	bgz	10711	3,2542	3,5158	0,2616	3,3548
2013-05-28	204 16:15	bgz	10715	3,2397	3,5001	0,2604	3,3398
2013-05-29	205 08:45	bgz	10719	3,2515	3,5128	0,2613	3,3520
2013-05-29	206 16:15	bgz	10723	3,2963	3,5613	0,2650	3,3982
2013-05-31	207 08:45	bgz	10727	3,3276	3,5951	0,2675	3,4305
2013-05-31	208 16:15	bgz	10731	3,3433	3,6121	0,2688	3,4467
2013-06-03	209 08:45	bgz	10735	3,3360	3,6041	0,2681	3,4391
2013-06-03	210 16:15	bgz	10739	3,3240	3,5912	0,2672	3,4268
2013-06-04	211 08:45	bgz	10743	3,3276	3,5951	0,2675	3,4305
2013-06-04	212 16:15	bgz	10747	3,3059	3,5716	0,2657	3,4081
2013-06-05	213 08:45	bgz	10751	3,3175	3,5842	0,2667	3,4201
2013-06-05	214 16:15	bgz	10755	3,3298	3,5974	0,2676	3,4327
2013-06-06	215 08:45	bgz	10759	3,3676	3,6383	0,2707	3,4717
2013-06-06	216 16:15	bgz	10763	3,3921	3,6648	0,2727	3,4970
2013-06-07	217 08:45	bgz	10767	3,3895	3,6620	0,2725	3,4943
2013-06-07	218 16:15	bgz	10771	3,3546	3,6242	0,2696	3,4583
2013-06-10	219 08:45	bgz	10775	3,3301	3,5977	0,2676	3,4330
2013-06-10	220 16:15	bgz	10779	3,3423	3,6109	0,2686	3,4456
2013-06-11	221 08:45	bgz	10783	3,3570	3,6269	0,2699	3,4608
2013-06-11	222 16:15	bgz	10787	3,3768	3,6482	0,2714	3,4812
2013-06-12	223 08:45	bgz	10791	3,3623	3,6325	0,2702	3,4662
2013-06-12	224 16:15	bgz	10795	3,3530	3,6225	0,2695	3,4566
2013-06-13	225 08:45	bgz	10799	3,3842	3,6562	0,2720	3,4888
2013-06-13	226 16:15	bgz	10803	3,3522	3,6216	0,2694	3,4558
2013-06-14	227 08:45	bgz	10807	3,3262	3,5935	0,2673	3,4290
2013-06-14	228 16:15	bgz	10811	3,3296	3,5972	0,2676	3,4325
2013-06-17	229 08:45	bgz	10815	3,3382	3,6065	0,2683	3,4414
2013-06-17	230 16:15	bgz	10819	3,3238	3,5909	0,2671	3,4265
2013-06-18	231 08:45	bgz	10823	3,3324	3,6002	0,2678	3,4354
2013-06-18	232 16:15	bgz	10827	3,3498	3,6190	0,2692	3,4533
2013-06-19	233 08:45	bgz	10831	3,3587	3,6287	0,2700	3,4625
2013-06-19	234 16:15	bgz	10835	3,3506	3,6200	0,2694	3,4542
2013-06-20	235 08:45	bgz	10839	3,4058	3,6796	0,2738	3,5111
2013-06-20	236 13:34	bgz	10843	3,3966	3,6696	0,2730	3,5016
2013-06-20	237 16:15	bgz	10847	3,4134	3,6878	0,2744	3,5189
2013-06-21	238 08:45	bgz	10851	3,4190	3,6938	0,2748	3,5247
2013-06-21	239 16:15	bgz	10855	3,4263	3,7017	0,2754	3,5322
2013-06-24	240 08:45	bgz	10859	3,4388	3,7152	0,2764	3,5451
2013-06-24	241 16:15	bgz	10863	3,4399	3,7164	0,2765	3,5462
2013-06-25	242 08:45	bgz	10867	3,4091	3,6831	0,2740	3,5145
2013-06-25	243 16:15	bgz	10871	3,4116	3,6859	0,2743	3,5171
2013-06-26	244 08:45	bgz	10875	3,4258	3,7012	0,2754	3,5317
2013-06-26	245 16:15	bgz	10879	3,4297	3,7054	0,2757	3,5357
2013-06-27	246 08:45	bgz	10883	3,4206	3,6955	0,2749	3,5263
2013-06-27	247 16:15	bgz	10887	3,3985	3,6717	0,2732	3,5036
2013-06-28	248 08:45	bgz	10891	3,3917	3,6643	0,2726	3,4965
2013-06-28	249 16:15	bgz	10895	3,4229	3,6980	0,2751	3,5287
2013-07-01	250 08:45	bgz	10899	3,4046	3,6782	0,2736	3,5098
2013-07-01	251 16:15	bgz	10903	3,4061	3,6799	0,2738	3,5114
2013-07-02	252 08:45	bgz	10907	3,3988	3,6720	0,2732	3,5039
2013-07-02	253 16:15	bgz	10911	3,3993	3,6726	0,2733	3,5044
2013-07-03	254 08:45	bgz	10915	3,4191	3,6939	0,2748	3,5248
2013-07-03	255 16:15	bgz	10919	3,4144	3,6888	0,2744	3,5199
2013-07-04	256 08:45	bgz	10923	3,3836	3,6556	0,2720	3,4882
2013-07-04	257 16:15	bgz	10927	3,3499	3,6192	0,2693	3,4535
2013-07-05	258 08:45	bgz	10931	3,3594	3,6294	0,2700	3,4632
2013-07-05	259 16:15	bgz	10935	3,3802	3,6519	0,2717	3,4847
2013-07-08	260 08:44	bgz	10939	3,3766	3,6480	0,2714	3,4810
2013-07-08	261 16:15	bgz	10943	3,3627	3,6329	0,2702	3,4666
2013-07-09	262 08:45	bgz	10947	3,3573	3,6272	0,2699	3,4611
2013-07-09	263 16:15	bgz	10951	3,3673	3,6380	0,2707	3,4714
2013-07-10	264 08:45	bgz	10955	3,3741	3,6453	0,2712	3,4784
2013-07-10	265 16:15	bgz	10959	3,3724	3,6434	0,2710	3,4766
2013-07-11	266 08:44	bgz	10963	3,3701	3,6410	0,2709	3,4743
2013-07-11	267 16:14	bgz	10967	3,3886	3,6610	0,2724	3,4934
2013-07-12	268 08:45	bgz	10971	3,3806	3,6523	0,2717	3,4851
2013-07-12	269 16:15	bgz	10975	3,3813	3,6531	0,2718	3,4858
2013-07-15	270 08:44	bgz	10979	3,3702	3,6411	0,2709	3,4744
2013-07-15	271 16:14	bgz	10983	3,3537	3,6233	0,2696	3,4574
2013-07-16	272 08:44	bgz	10987	3,3522	3,6216	0,2694	3,4558
2013-07-16	273 16:14	bgz	10991	3,3343	3,6023	0,2680	3,4374
2013-07-17	274 08:45	bgz	10995	3,3348	3,6029	0,2681	3,4379
2013-07-17	275 16:15	bgz	10999	3,3347	3,6028	0,2681	3,4378
2013-07-18	276 08:45	bgz	11003	3,3271	3,5946	0,2675	3,4300
2013-07-18	277 16:15	bgz	11007	3,3289	3,5965	0,2676	3,4318
2013-07-19	278 08:45	bgz	11011	3,3270	3,5944	0,2674	3,4298
2013-07-19	279 16:14	bgz	11015	3,3333	3,6012	0,2679	3,4363
2013-07-22	280 08:45	bgz	11019	3,3210	3,5880	0,2670	3,4237
2013-07-22	281 16:15	bgz	11023	3,3134	3,5797	0,2663	3,4158
2013-07-23	282 08:45	bgz	11027	3,3110	3,5771	0,2661	3,4133
2013-07-23	283 16:15	bgz	11031	3,3035	3,5690	0,2655	3,4056
2013-07-24	284 08:45	bgz	11035	3,3010	3,5663	0,2653	3,4030
2013-07-24	285 16:15	bgz	11039	3,3052	3,5709	0,2657	3,4074
2013-07-25	286 08:45	bgz	11043	3,3135	3,5798	0,2663	3,4159
2013-07-25	287 16:15	bgz	11047	3,3288	3,5964	0,2676	3,4317
2013-07-26	288 08:45	bgz	11051	3,3282	3,5957	0,2675	3,4311
2013-07-26	289 16:15	bgz	11055	3,3370	3,6053	0,2683	3,4402
2013-07-29	290 08:45	bgz	11059	3,3278	3,5953	0,2675	3,4307
2013-07-29	291 16:14	bgz	11063	3,3142	3,5805	0,2663	3,4166
2013-07-30	292 08:45	bgz	11067	3,3091	3,5751	0,2660	3,4114
2013-07-30	293 16:15	bgz	11071	3,3302	3,5978	0,2676	3,4331
2013-07-31	294 08:45	bgz	11075	3,3329	3,6008	0,2679	3,4359
2013-07-31	295 16:15	bgz	11079	3,3401	3,6085	0,2684	3,4433
2013-08-01	296 08:45	bgz	11083	3,3401	3,6086	0,2685	3,4434
2013-08-02	297 08:45	bgz	11087	3,3356	3,6037	0,2681	3,4387
2013-08-02	298 16:15	bgz	11091	3,3300	3,5976	0,2676	3,4329
2013-08-05	299 08:45	bgz	11095	3,3299	3,5975	0,2676	3,4328
2013-08-05	300 16:15	bgz	11099	3,3136	3,5799	0,2663	3,4160
2013-08-06	301 08:45	bgz	11103	3,3198	3,5866	0,2668	3,4224
2013-08-06	302 16:15	bgz	11107	3,3088	3,5748	0,2660	3,4111
2013-08-07	303 08:45	bgz	11111	3,3170	3,5836	0,2666	3,4195
2013-08-07	304 16:15	bgz	11115	3,3255	3,5928	0,2673	3,4283
2013-08-08	305 08:45	bgz	11119	3,3207	3,5876	0,2669	3,4233
2013-08-08	306 16:15	bgz	11123	3,3036	3,5691	0,2655	3,4057
2013-08-09	307 08:45	bgz	11127	3,2997	3,5649	0,2652	3,4017
2013-08-09	308 16:15	bgz	11131	3,2983	3,5635	0,2652	3,4003
2013-08-12	309 08:45	bgz	11135	3,3031	3,5686	0,2655	3,4052
2013-08-12	310 16:15	bgz	11139	3,2980	3,5630	0,2650	3,3999
2013-08-13	311 08:45	bgz	11143	3,2949	3,5598	0,2649	3,3968
2013-08-13	312 16:15	bgz	11147	3,2901	3,5546	0,2645	3,3918
2013-08-14	313 08:45	bgz	11151	3,2818	3,5455	0,2637	3,3832
2013-08-14	314 16:15	bgz	11155	3,2887	3,5531	0,2644	3,3904
2013-08-16	315 08:45	bgz	11159	3,3106	3,5767	0,2661	3,4129
2013-08-16	316 16:15	bgz	11163	3,3188	3,5856	0,2668	3,4214
2013-08-19	317 08:45	bgz	11167	3,3269	3,5943	0,2674	3,4297
2013-08-19	318 16:15	bgz	11171	3,3373	3,6056	0,2683	3,4405
2013-08-20	319 08:45	bgz	11175	3,3470	3,6161	0,2691	3,4505
2013-08-20	320 16:15	bgz	11179	3,3318	3,5996	0,2678	3,4348
2013-08-21	321 08:45	bgz	11183	3,3330	3,6009	0,2679	3,4360
2013-08-21	322 16:15	bgz	11187	3,3451	3,6140	0,2689	3,4485
2013-08-22	323 08:45	bgz	11191	3,3425	3,6111	0,2686	3,4458
2013-08-22	324 16:15	bgz	11195	3,3329	3,6008	0,2679	3,4359
2013-08-23	325 08:45	bgz	11199	3,3372	3,6055	0,2683	3,4404
2013-08-23	326 16:15	bgz	11203	3,3239	3,5911	0,2672	3,4267
2013-08-26	327 16:15	bgz	11207	3,3193	3,5861	0,2668	3,4219
2013-08-26	328 17:38	bgz	11211	3,3193	3,5861	0,2668	3,4219
2013-08-27	329 16:13	bgz	11215	3,3540	3,6236	0,2696	3,4577
2013-08-27	330 16:50	bgz	11219	3,3540	3,6236	0,2696	3,4577
2013-08-28	331 08:45	bgz	11223	3,3593	3,6293	0,2700	3,4631
2013-08-28	332 16:14	bgz	11227	3,3890	3,6615	0,2725	3,4938
2013-08-29	333 08:45	bgz	11231	3,3747	3,6459	0,2712	3,4790
2013-08-29	334 16:14	bgz	11235	3,3726	3,6437	0,2711	3,4769
2013-08-30	335 08:45	bgz	11239	3,3671	3,6378	0,2707	3,4712
2013-08-30	336 16:15	bgz	11243	3,3577	3,6276	0,2699	3,4615
2013-09-02	337 08:45	bgz	11247	3,3540	3,6236	0,2696	3,4577
2013-09-02	338 16:15	bgz	11251	3,3503	3,6196	0,2693	3,4539
2013-09-03	339 08:45	bgz	11255	3,3466	3,6157	0,2691	3,4501
2013-09-03	340 16:15	bgz	11259	3,3620	3,6322	0,2702	3,4659
2013-09-04	341 08:45	bgz	11263	3,3521	3,6215	0,2694	3,4557
2013-09-04	342 16:15	bgz	11267	3,3604	3,6305	0,2701	3,4643
2013-09-05	343 08:45	bgz	11271	3,3487	3,6179	0,2692	3,4522
2013-09-05	344 16:15	bgz	11275	3,3522	3,6216	0,2694	3,4558
2013-09-06	345 08:45	bgz	11279	3,3644	3,6348	0,2704	3,4684
2013-09-06	346 16:15	bgz	11283	3,3668	3,6375	0,2707	3,4709
2013-09-09	347 08:45	bgz	11287	3,3577	3,6276	0,2699	3,4615
2013-09-09	348 16:15	bgz	11291	3,3544	3,6240	0,2696	3,4581
2013-09-10	349 08:45	bgz	11295	3,3450	3,6139	0,2689	3,4484
2013-09-10	350 16:15	bgz	11299	3,3257	3,5930	0,2673	3,4285
2013-09-11	351 08:45	bgz	11303	3,3223	3,5894	0,2671	3,4250
2013-09-11	352 16:15	bgz	11307	3,3101	3,5761	0,2660	3,4124
2013-09-12	353 08:45	bgz	11311	3,3013	3,5666	0,2653	3,4033
2013-09-12	354 16:15	bgz	11315	3,3018	3,5672	0,2654	3,4039
2013-09-13	355 08:45	bgz	11319	3,3043	3,5699	0,2656	3,4064
2013-09-13	356 16:15	bgz	11323	3,2956	3,5605	0,2649	3,3975
2013-09-16	357 08:45	bgz	11327	3,2928	3,5575	0,2647	3,3946
2013-09-16	358 16:15	bgz	11331	3,2872	3,5514	0,2642	3,3888
2013-09-17	359 08:45	bgz	11335	3,2960	3,5609	0,2649	3,3979
2013-09-17	360 16:15	bgz	11339	3,3066	3,5724	0,2658	3,4088
2013-09-18	361 08:45	bgz	11343	3,3044	3,5700	0,2656	3,4065
2013-09-18	362 16:15	bgz	11347	3,3188	3,5856	0,2668	3,4214
2013-09-19	363 08:45	bgz	11351	3,2609	3,5230	0,2621	3,3617
2013-09-19	364 16:15	bgz	11355	3,2936	3,5583	0,2647	3,3954
2013-09-20	365 08:45	bgz	11359	3,3049	3,5706	0,2657	3,4071
2013-09-20	366 16:15	bgz	11363	3,3282	3,5957	0,2675	3,4311
2013-09-23	367 08:45	bgz	11367	3,3269	3,5943	0,2674	3,4297
2013-09-23	368 16:15	bgz	11371	3,3316	3,5994	0,2678	3,4346
2013-09-24	369 08:45	bgz	11375	3,3318	3,5996	0,2678	3,4348
2013-09-24	370 16:15	bgz	11379	3,3389	3,6073	0,2684	3,4421
2013-09-25	371 08:45	bgz	11383	3,3240	3,5912	0,2672	3,4268
2013-09-25	372 16:15	bgz	11387	3,3245	3,5918	0,2673	3,4273
2013-09-26	373 08:45	bgz	11391	3,3269	3,5943	0,2674	3,4297
2013-09-26	374 16:15	bgz	11395	3,3402	3,6087	0,2685	3,4435
2013-09-27	375 08:45	bgz	11399	3,3417	3,6103	0,2686	3,4450
2013-09-27	376 16:15	bgz	11403	3,3487	3,6179	0,2692	3,4522
2013-09-30	377 08:45	bgz	11407	3,3499	3,6192	0,2693	3,4535
2013-09-30	378 16:15	bgz	11411	3,3540	3,6236	0,2696	3,4577
2013-10-01	379 08:44	bgz	11415	3,3452	3,6141	0,2689	3,4486
2013-10-01	380 16:15	bgz	11419	3,3378	3,6061	0,2683	3,4410
2013-10-02	381 08:45	bgz	11423	3,3449	3,6138	0,2689	3,4483
2013-10-02	382 16:15	bgz	11427	3,3388	3,6072	0,2684	3,4420
2013-10-03	383 08:45	bgz	11431	3,3327	3,6006	0,2679	3,4357
2013-10-03	384 16:15	bgz	11435	3,3206	3,5875	0,2669	3,4232
2013-10-04	385 08:44	bgz	11439	3,3262	3,5935	0,2673	3,4290
2013-10-04	386 16:15	bgz	11443	3,3198	3,5866	0,2668	3,4224
2013-10-07	387 08:45	bgz	11447	3,3251	3,5924	0,2673	3,4279
2013-10-07	388 16:15	bgz	11451	3,3180	3,5847	0,2667	3,4206
2013-10-08	389 08:45	bgz	11455	3,3104	3,5765	0,2661	3,4127
2013-10-08	390 16:15	bgz	11459	3,3066	3,5724	0,2658	3,4088
2013-10-09	391 08:45	bgz	11463	3,3082	3,5742	0,2660	3,4105
2013-10-09	392 16:14	bgz	11467	3,3050	3,5707	0,2657	3,4072
2013-10-10	393 08:45	bgz	11471	3,3073	3,5731	0,2658	3,4095
2013-10-10	394 16:14	bgz	11475	3,2951	3,5600	0,2649	3,3970
2013-10-11	395 08:45	bgz	11479	3,2911	3,5556	0,2645	3,3928
2013-10-11	396 16:14	bgz	11483	3,2974	3,5624	0,2650	3,3993
2013-10-14	397 08:45	bgz	11487	3,2971	3,5621	0,2650	3,3990
2013-10-14	398 16:15	bgz	11491	3,2909	3,5554	0,2645	3,3926
2013-10-15	399 08:45	bgz	11495	3,2867	3,5509	0,2642	3,3883
2013-10-15	400 16:15	bgz	11499	3,2793	3,5429	0,2636	3,3807
2013-10-16	401 08:45	bgz	11503	3,2747	3,5379	0,2632	3,3759
2013-10-16	402 16:15	bgz	11507	3,2683	3,5310	0,2627	3,3693
2013-10-17	403 08:45	bgz	11511	3,2691	3,5319	0,2628	3,3702
2013-10-17	404 16:15	bgz	11515	3,2849	3,5489	0,2640	3,3864
2013-10-18	405 08:45	bgz	11519	3,2732	3,5363	0,2631	3,3744
2013-10-18	406 16:14	bgz	11523	3,2817	3,5454	0,2637	3,3831
2013-10-21	407 08:44	bgz	11527	3,2813	3,5450	0,2637	3,3827
2013-10-21	408 16:15	bgz	11531	3,2851	3,5492	0,2641	3,3867
2013-10-22	409 08:45	bgz	11535	3,2795	3,5431	0,2636	3,3809
2013-10-22	410 16:15	bgz	11539	3,2688	3,5315	0,2627	3,3698
2013-10-23	411 08:45	bgz	11543	3,2801	3,5438	0,2637	3,3815
2013-10-23	412 16:15	bgz	11547	3,2969	3,5619	0,2650	3,3988
2013-10-24	413 08:45	bgz	11551	3,2963	3,5613	0,2650	3,3982
2013-10-24	414 16:15	bgz	11555	3,2994	3,5646	0,2652	3,4014
2013-10-25	415 08:45	bgz	11559	3,2972	3,5622	0,2650	3,3991
2013-10-25	416 16:15	bgz	11563	3,2905	3,5550	0,2645	3,3922
2013-10-28	417 08:45	bgz	11567	3,2916	3,5561	0,2645	3,3933
2013-10-28	418 16:15	bgz	11571	3,2888	3,5532	0,2644	3,3905
2013-10-29	419 08:45	bgz	11575	3,2871	3,5513	0,2642	3,3887
2013-10-29	420 16:15	bgz	11579	3,2867	3,5509	0,2642	3,3883
2013-10-30	421 08:45	bgz	11583	3,2837	3,5476	0,2639	3,3852
2013-10-30	422 16:15	bgz	11587	3,2761	3,5395	0,2634	3,3774
2013-10-31	423 08:45	bgz	11591	3,2846	3,5486	0,2640	3,3861
2013-10-31	424 16:15	bgz	11595	3,2919	3,5565	0,2646	3,3937
2013-11-04	425 08:45	bgz	11599	3,3021	3,5676	0,2655	3,4042
2013-11-04	426 16:15	bgz	11603	3,2904	3,5549	0,2645	3,3921
2013-11-05	427 08:45	bgz	11607	3,2948	3,5596	0,2648	3,3966
2013-11-05	428 16:15	bgz	11611	3,2989	3,5641	0,2652	3,4009
2013-11-06	429 08:45	bgz	11615	3,2988	3,5640	0,2652	3,4008
2013-11-06	430 16:15	bgz	11619	3,2790	3,5426	0,2636	3,3804
2013-11-07	431 08:45	bgz	11623	3,2853	3,5494	0,2641	3,3869
2013-11-07	432 13:23	bgz	11627	3,2840	3,5480	0,2640	3,3855
2013-11-07	433 16:15	bgz	11631	3,2849	3,5489	0,2640	3,3864
2013-11-08	434 08:45	bgz	11635	3,3081	3,5740	0,2659	3,4104
2013-11-08	435 16:14	bgz	11639	3,3040	3,5695	0,2655	3,4061
2013-11-12	436 08:45	bgz	11643	3,3124	3,5787	0,2663	3,4148
2013-11-12	437 16:15	bgz	11647	3,3106	3,5767	0,2661	3,4129
2013-11-13	438 08:45	bgz	11651	3,3101	3,5761	0,2660	3,4124
2013-11-13	439 16:15	bgz	11655	3,3049	3,5706	0,2657	3,4071
2013-11-14	440 08:45	bgz	11659	3,3021	3,5676	0,2655	3,4042
2013-11-14	441 16:15	bgz	11663	3,2957	3,5606	0,2649	3,3976
2013-11-15	442 08:45	bgz	11667	3,2898	3,5542	0,2644	3,3915
2013-11-15	443 16:15	bgz	11671	3,2894	3,5538	0,2644	3,3911
2013-11-18	444 08:44	bgz	11675	3,2898	3,5542	0,2644	3,3915
2013-11-18	445 16:15	bgz	11679	3,2894	3,5538	0,2644	3,3911
2013-11-19	446 08:45	bgz	11683	3,2829	3,5468	0,2639	3,3844
2013-11-19	447 16:15	bgz	11687	3,2912	3,5557	0,2645	3,3929
2013-11-20	448 08:45	bgz	11691	3,2917	3,5563	0,2646	3,3935
2013-11-20	449 16:15	bgz	11695	3,2964	3,5614	0,2650	3,3983
2013-11-21	450 08:45	bgz	11699	3,2993	3,5645	0,2652	3,4013
2013-11-21	451 16:15	bgz	11703	3,3066	3,5724	0,2658	3,4088
2013-11-22	452 08:45	bgz	11707	3,3073	3,5731	0,2658	3,4095
2013-11-22	453 16:15	bgz	11711	3,3145	3,5810	0,2665	3,4170
2013-11-25	454 08:45	bgz	11715	3,3077	3,5736	0,2659	3,4100
2013-11-25	455 16:15	bgz	11719	3,3048	3,5705	0,2657	3,4070
2013-11-26	456 08:45	bgz	11723	3,3031	3,5686	0,2655	3,4052
2013-11-26	457 16:14	bgz	11727	3,3088	3,5748	0,2660	3,4111
2013-11-27	458 08:45	bgz	11731	3,3113	3,5775	0,2662	3,4137
2013-11-27	459 16:15	bgz	11735	3,3103	3,5764	0,2661	3,4126
2013-11-28	460 08:45	bgz	11739	3,3102	3,5763	0,2661	3,4125
2013-11-28	461 16:15	bgz	11743	3,3052	3,5709	0,2657	3,4074
2013-11-29	462 08:45	bgz	11747	3,3047	3,5704	0,2657	3,4069
2013-11-29	463 16:15	bgz	11751	3,3163	3,5829	0,2666	3,4188
2013-12-02	464 08:45	bgz	11755	3,3113	3,5775	0,2662	3,4137
2013-12-02	465 16:15	bgz	11759	3,3090	3,5750	0,2660	3,4113
2013-12-03	466 08:45	bgz	11763	3,3111	3,5773	0,2662	3,4135
2013-12-03	467 16:15	bgz	11767	3,3137	3,5800	0,2663	3,4161
2013-12-04	468 08:45	bgz	11771	3,3142	3,5805	0,2663	3,4166
2013-12-04	469 16:15	bgz	11775	3,3168	3,5834	0,2666	3,4193
2013-12-05	470 08:45	bgz	11779	3,3241	3,5913	0,2672	3,4269
2013-12-05	471 16:15	bgz	11783	3,3087	3,5747	0,2660	3,4110
2013-12-06	472 08:45	bgz	11787	3,3154	3,5819	0,2665	3,4179
2013-12-06	473 16:15	bgz	11791	3,3160	3,5825	0,2665	3,4185
2013-12-09	474 08:44	bgz	11795	3,3182	3,5849	0,2667	3,4208
2013-12-09	475 16:15	bgz	11799	3,3142	3,5807	0,2665	3,4167
2013-12-10	476 08:45	bgz	11803	3,3159	3,5824	0,2665	3,4184
2013-12-10	477 16:15	bgz	11807	3,3199	3,5867	0,2668	3,4225
2013-12-11	478 08:45	bgz	11811	3,3200	3,5868	0,2668	3,4226
2013-12-11	479 16:15	bgz	11815	3,3234	3,5905	0,2671	3,4261
2013-12-12	480 08:45	bgz	11819	3,3171	3,5837	0,2666	3,4196
2013-12-12	481 16:14	bgz	11823	3,3253	3,5926	0,2673	3,4281
2013-12-13	482 08:45	bgz	11827	3,3161	3,5826	0,2665	3,4186
2013-12-13	483 16:15	bgz	11831	3,3180	3,5847	0,2667	3,4206
2013-12-16	484 08:45	bgz	11835	3,3202	3,5870	0,2668	3,4228
2013-12-16	485 16:15	bgz	11839	3,3164	3,5830	0,2666	3,4189
2013-12-17	486 08:45	bgz	11843	3,3163	3,5829	0,2666	3,4188
2013-12-17	487 16:15	bgz	11847	3,3216	3,5886	0,2670	3,4243
2013-12-18	488 08:45	bgz	11851	3,3254	3,5927	0,2673	3,4282
2013-12-18	489 16:14	bgz	11855	3,3198	3,5866	0,2668	3,4224
2013-12-19	490 08:45	bgz	11859	3,3069	3,5727	0,2658	3,4091
2013-12-19	491 16:15	bgz	11863	3,3031	3,5686	0,2655	3,4052
2013-12-20	492 08:45	bgz	11867	3,2906	3,5551	0,2645	3,3923
2013-12-20	493 16:15	bgz	11871	3,2957	3,5606	0,2649	3,3976
2013-12-23	494 08:45	bgz	11875	3,2944	3,5592	0,2648	3,3962
2013-12-23	495 16:15	bgz	11879	3,2952	3,5601	0,2649	3,3971
2013-12-24	496 08:45	bgz	11883	3,2957	3,5606	0,2649	3,3976
2013-12-27	497 08:45	bgz	11887	3,2722	3,5352	0,2630	3,3733
2013-12-27	498 16:15	bgz	11891	3,2903	3,5548	0,2645	3,3920
2013-12-30	499 08:45	bgz	11895	3,2810	3,5447	0,2637	3,3824
2013-12-30	500 16:15	bgz	11899	3,2805	3,5442	0,2637	3,3819
2013-12-31	501 08:45	bgz	11903	3,2838	3,5477	0,2639	3,3853
2013-12-31	502 16:15	bgz	11907	3,2807	3,5444	0,2637	3,3821
2014-01-02	001 08:45	bgz	9825	3,2844	3,5484	0,2640	3,3859
2014-01-02	002 16:15	bgz	9829	3,2876	3,5518	0,2642	3,3892
2014-01-03	003 08:45	bgz	9833	3,2889	3,5533	0,2644	3,3906
2014-01-03	004 16:15	bgz	9837	3,2869	3,5511	0,2642	3,3885
2014-01-07	005 08:45	bgz	9841	3,2786	3,5421	0,2635	3,3799
2014-01-07	006 16:15	bgz	9845	3,2721	3,5351	0,2630	3,3732
2014-01-08	007 08:45	bgz	9849	3,2690	3,5318	0,2628	3,3701
2014-01-08	008 16:15	bgz	9853	3,2734	3,5365	0,2631	3,3746
2014-01-09	009 08:45	bgz	9857	3,2727	3,5358	0,2631	3,3739
2014-01-09	010 16:15	bgz	9861	3,2796	3,5432	0,2636	3,3810
2014-01-10	011 08:45	bgz	9865	3,2818	3,5455	0,2637	3,3832
2014-01-10	012 16:15	bgz	9869	3,2770	3,5404	0,2634	3,3783
2014-01-13	013 08:45	bgz	9873	3,2676	3,5302	0,2626	3,3686
2014-01-13	014 16:15	bgz	9877	3,2712	3,5341	0,2629	3,3723
2014-01-14	015 08:45	bgz	9881	3,2747	3,5379	0,2632	3,3759
2014-01-14	016 16:15	bgz	9885	3,2645	3,5269	0,2624	3,3654
2014-01-15	017 08:45	bgz	9889	3,2555	3,5171	0,2616	3,3561
2014-01-15	018 16:14	bgz	9893	3,2637	3,5261	0,2624	3,3646
2014-01-16	019 08:45	bgz	9897	3,2657	3,5283	0,2626	3,3667
2014-01-16	020 16:15	bgz	9901	3,2770	3,5404	0,2634	3,3783
2014-01-17	021 08:45	bgz	9905	3,2822	3,5461	0,2639	3,3837
2014-01-17	022 16:15	bgz	9909	3,2773	3,5407	0,2634	3,3786
2014-01-20	023 08:45	bgz	9913	3,2740	3,5372	0,2632	3,3752
2014-01-20	024 16:15	bgz	9917	3,2708	3,5337	0,2629	3,3719
2014-01-21	025 08:45	bgz	9921	3,2642	3,5266	0,2624	3,3651
2014-01-21	026 16:15	bgz	9925	3,2693	3,5321	0,2628	3,3704
2014-01-22	027 08:45	bgz	9929	3,2753	3,5385	0,2632	3,3765
2014-01-22	028 16:15	bgz	9933	3,2725	3,5356	0,2631	3,3737
2014-01-23	029 08:45	bgz	9937	3,2784	3,5419	0,2635	3,3797
2014-01-23	030 16:14	bgz	9941	3,2856	3,5497	0,2641	3,3872
2014-01-24	031 08:45	bgz	9945	3,3022	3,5677	0,2655	3,4043
2014-01-24	032 16:15	bgz	9949	3,3249	3,5922	0,2673	3,4277
2014-01-27	033 08:45	bgz	9953	3,3253	3,5926	0,2673	3,4281
2014-01-27	034 16:15	bgz	9957	3,3259	3,5932	0,2673	3,4287
2014-01-28	035 08:45	bgz	9961	3,3227	3,5898	0,2671	3,4254
2014-01-28	036 16:15	bgz	9965	3,3152	3,5817	0,2665	3,4177
2014-01-29	037 08:45	bgz	9969	3,3031	3,5686	0,2655	3,4052
2014-01-29	038 15:14	bgz	9973	3,3530	3,6226	0,2696	3,4567
2014-01-29	039 16:15	bgz	9977	3,3382	3,6065	0,2683	3,4414
2014-01-30	040 08:45	bgz	9981	3,3474	3,6165	0,2691	3,4509
2014-01-30	041 16:15	bgz	9985	3,3497	3,6189	0,2692	3,4532
2014-01-31	042 08:45	bgz	9989	3,3545	3,6241	0,2696	3,4582
2014-01-31	043 16:15	bgz	9993	3,3722	3,6432	0,2710	3,4764
2014-02-03	044 08:45	bgz	9997	3,3727	3,6438	0,2711	3,4770
2014-02-03	045 16:15	bgz	10001	3,3638	3,6342	0,2704	3,4678
2014-02-04	046 08:45	bgz	10005	3,3675	3,6382	0,2707	3,4716
2014-02-04	047 16:15	bgz	10009	3,3444	3,6132	0,2688	3,4478
2014-02-05	048 08:45	bgz	10013	3,3374	3,6057	0,2683	3,4406
2014-02-05	049 16:14	bgz	10017	3,3289	3,5965	0,2676	3,4318
2014-02-06	050 08:45	bgz	10021	3,3235	3,5906	0,2671	3,4262
2014-02-06	051 16:15	bgz	10025	3,3253	3,5926	0,2673	3,4281
2014-02-07	052 08:45	bgz	10029	3,3143	3,5808	0,2665	3,4168
2014-02-07	053 16:15	bgz	10033	3,3098	3,5758	0,2660	3,4121
2014-02-10	054 08:45	bgz	10037	3,3089	3,5749	0,2660	3,4112
2014-02-10	055 16:15	bgz	10041	3,3137	3,5800	0,2663	3,4161
2014-02-11	056 08:45	bgz	10045	3,3200	3,5868	0,2668	3,4226
2014-02-11	057 16:15	bgz	10049	3,3120	3,5782	0,2662	3,4144
2014-02-12	058 08:45	bgz	10053	3,3038	3,5693	0,2655	3,4059
2014-02-12	059 16:15	bgz	10057	3,2925	3,5572	0,2647	3,3943
2014-02-13	060 08:45	bgz	10061	3,3070	3,5728	0,2658	3,4092
2014-02-13	061 16:15	bgz	10065	3,3055	3,5712	0,2657	3,4077
2014-02-14	062 08:45	bgz	10069	3,3062	3,5720	0,2658	3,4084
2014-02-14	063 16:15	bgz	10073	3,2940	3,5587	0,2647	3,3958
2014-02-17	064 08:45	bgz	10077	3,2907	3,5552	0,2645	3,3924
2014-02-17	065 16:15	bgz	10081	3,2889	3,5533	0,2644	3,3906
2014-02-18	066 08:45	bgz	10085	3,2893	3,5537	0,2644	3,3910
2014-02-18	067 16:15	bgz	10089	3,2946	3,5594	0,2648	3,3964
2014-02-19	068 08:45	bgz	10093	3,3006	3,5659	0,2653	3,4026
2014-02-19	069 16:15	bgz	10097	3,3139	3,5802	0,2663	3,4163
2014-02-20	070 08:45	bgz	10101	3,3174	3,5841	0,2667	3,4200
2014-02-20	071 16:15	bgz	10105	3,3170	3,5836	0,2666	3,4195
2014-02-21	072 08:45	bgz	10109	3,3109	3,5770	0,2661	3,4132
2014-02-21	073 16:15	bgz	10113	3,3019	3,5673	0,2654	3,4040
2014-02-24	074 08:45	bgz	10117	3,3041	3,5696	0,2655	3,4062
2014-02-24	075 16:15	bgz	10121	3,2989	3,5641	0,2652	3,4009
2014-02-25	076 08:44	bgz	10125	3,3081	3,5740	0,2659	3,4104
2014-02-25	077 16:15	bgz	10129	3,3049	3,5706	0,2657	3,4071
2014-02-26	078 08:45	bgz	10133	3,3022	3,5677	0,2655	3,4043
2014-02-26	079 16:15	bgz	10137	3,3158	3,5823	0,2665	3,4183
2014-02-27	080 08:45	bgz	10141	3,3265	3,5939	0,2674	3,4293
2014-02-27	081 16:15	bgz	10145	3,3291	3,5967	0,2676	3,4320
2014-02-28	082 08:45	bgz	10149	3,3182	3,5849	0,2667	3,4208
2014-02-28	083 16:14	bgz	10153	3,3190	3,5858	0,2668	3,4216
2014-03-03	084 08:45	bgz	10157	3,3515	3,6209	0,2694	3,4551
2014-03-03	085 16:15	bgz	10161	3,3476	3,6167	0,2691	3,4511
2014-03-04	086 08:45	bgz	10165	3,3461	3,6150	0,2689	3,4495
2014-03-04	087 16:14	bgz	10169	3,3372	3,6055	0,2683	3,4404
2014-03-05	088 08:45	bgz	10173	3,3339	3,6019	0,2680	3,4370
2014-03-05	089 16:15	bgz	10177	3,3244	3,5917	0,2673	3,4272
2014-03-06	090 08:45	bgz	10181	3,3259	3,5932	0,2673	3,4287
2014-03-06	091 16:15	bgz	10185	3,3208	3,5878	0,2670	3,4235
2014-03-07	092 08:45	bgz	10189	3,3287	3,5963	0,2676	3,4316
2014-03-07	093 16:15	bgz	10193	3,3398	3,6082	0,2684	3,4430
2014-03-10	094 09:08	bgz	10197	3,3477	3,6168	0,2691	3,4512
2014-03-10	095 16:15	bgz	10201	3,3570	3,6269	0,2699	3,4608
2014-03-11	096 08:45	bgz	10205	3,3481	3,6172	0,2691	3,4516
2014-03-11	097 16:15	bgz	10209	3,3596	3,6297	0,2701	3,4635
2014-03-12	098 08:45	bgz	10213	3,3702	3,6411	0,2709	3,4744
2014-03-12	099 16:15	bgz	10217	3,3722	3,6432	0,2710	3,4764
2014-03-13	100 08:45	bgz	10221	3,3692	3,6400	0,2708	3,4733
2014-03-13	101 16:14	bgz	10225	3,3763	3,6477	0,2714	3,4807
2014-03-14	102 08:45	bgz	10229	3,3862	3,6584	0,2722	3,4909
2014-03-14	103 16:14	bgz	10233	3,3929	3,6656	0,2727	3,4978
2014-03-17	104 08:45	bgz	10237	3,3781	3,6496	0,2715	3,4825
2014-03-17	105 16:15	bgz	10241	3,3701	3,6410	0,2709	3,4743
2014-03-18	106 08:45	bgz	10245	3,3763	3,6477	0,2714	3,4807
2014-03-18	107 16:15	bgz	10249	3,3530	3,6226	0,2696	3,4567
2014-03-19	108 08:45	bgz	10253	3,3538	3,6234	0,2696	3,4575
2014-03-19	109 16:14	bgz	10257	3,3456	3,6145	0,2689	3,4490
2014-03-20	110 08:45	bgz	10261	3,3497	3,6189	0,2692	3,4532
2014-03-20	111 16:15	bgz	10265	3,3432	3,6119	0,2687	3,4465
2014-03-21	112 08:45	bgz	10269	3,3456	3,6145	0,2689	3,4490
2014-03-21	113 16:14	bgz	10273	3,3422	3,6108	0,2686	3,4455
2014-03-24	114 08:44	bgz	10277	3,3390	3,6074	0,2684	3,4422
2014-03-24	115 16:15	bgz	10281	3,3414	3,6100	0,2686	3,4447
2014-03-25	116 08:44	bgz	10285	3,3414	3,6100	0,2686	3,4447
2014-03-25	117 16:14	bgz	10289	3,3333	3,6012	0,2679	3,4363
2014-03-26	118 08:45	bgz	10293	3,3257	3,5930	0,2673	3,4285
2014-03-26	119 16:15	bgz	10297	3,3175	3,5842	0,2667	3,4201
2014-03-27	120 08:45	bgz	10301	3,3236	3,5907	0,2671	3,4263
2014-03-27	121 16:14	bgz	10305	3,3188	3,5856	0,2668	3,4214
2014-03-28	122 08:45	bgz	10309	3,3155	3,5820	0,2665	3,4180
2014-03-28	123 16:15	bgz	10313	3,3181	3,5848	0,2667	3,4207
2014-03-31	124 08:45	bgz	10317	3,3183	3,5851	0,2668	3,4209
2014-03-31	125 16:15	bgz	10321	3,3167	3,5833	0,2666	3,4192
2014-04-01	126 08:45	bgz	10325	3,3166	3,5832	0,2666	3,4191
2014-04-01	127 16:15	bgz	10329	3,3269	3,5943	0,2674	3,4297
2014-04-02	128 08:45	bgz	10333	3,3212	3,5882	0,2670	3,4239
2014-04-02	129 16:14	bgz	10337	3,3215	3,5885	0,2670	3,4242
2014-04-03	130 08:45	bgz	10341	3,3160	3,5825	0,2665	3,4185
2014-04-03	131 16:14	bgz	10345	3,3044	3,5700	0,2656	3,4065
2014-04-04	132 08:45	bgz	10349	3,3013	3,5666	0,2653	3,4033
2014-04-04	133 16:14	bgz	10353	3,3042	3,5698	0,2656	3,4063
2014-04-07	134 08:45	bgz	10357	3,3071	3,5729	0,2658	3,4093
2014-04-07	135 16:15	bgz	10361	3,3213	3,5883	0,2670	3,4240
2014-04-08	136 08:45	bgz	10365	3,3151	3,5816	0,2665	3,4176
2014-04-08	137 16:15	bgz	10369	3,3151	3,5816	0,2665	3,4176
2014-04-09	138 08:45	bgz	10373	3,3173	3,5839	0,2666	3,4198
2014-04-09	139 16:15	bgz	10377	3,3228	3,5899	0,2671	3,4255
2014-04-10	140 08:45	bgz	10381	3,3151	3,5816	0,2665	3,4176
2014-04-10	141 16:14	bgz	10385	3,3236	3,5907	0,2671	3,4263
2014-04-11	142 08:45	bgz	10389	3,3275	3,5950	0,2675	3,4304
2014-04-11	143 16:15	bgz	10393	3,3369	3,6052	0,2683	3,4401
2014-04-14	144 08:45	bgz	10397	3,3446	3,6135	0,2689	3,4480
2014-04-14	145 16:15	bgz	10403	3,3424	3,6110	0,2686	3,4457
2014-04-15	146 08:45	bgz	10409	3,3336	3,6016	0,2680	3,4367
2014-04-15	147 16:15	bgz	10415	3,3411	3,6097	0,2686	3,4444
2014-04-16	148 08:45	bgz	10421	3,3381	3,6064	0,2683	3,4413
2014-04-16	149 16:15	bgz	10427	3,3452	3,6141	0,2689	3,4486
2014-04-17	150 08:45	bgz	10433	3,3381	3,6064	0,2683	3,4413
2014-04-17	151 16:14	bgz	10439	3,3326	3,6005	0,2679	3,4356
2014-04-18	152 08:45	bgz	10445	3,3263	3,5936	0,2673	3,4291
2014-04-18	153 16:14	bgz	10451	3,3269	3,5943	0,2674	3,4297
2014-04-22	154 08:45	bgz	10457	3,3245	3,5918	0,2673	3,4273
2014-04-22	155 16:15	bgz	10463	3,3283	3,5958	0,2675	3,4312
2014-04-23	156 08:45	bgz	10469	3,3254	3,5927	0,2673	3,4282
2014-04-23	157 16:15	bgz	10475	3,3339	3,6019	0,2680	3,4370
2014-04-24	158 08:45	bgz	10481	3,3307	3,5985	0,2678	3,4337
2014-04-24	159 16:15	bgz	10487	3,3367	3,6049	0,2682	3,4398
2014-04-25	160 08:45	bgz	10493	3,3392	3,6076	0,2684	3,4424
2014-04-25	161 16:14	bgz	10499	3,3472	3,6163	0,2691	3,4507
2014-04-28	162 08:45	bgz	10505	3,3449	3,6138	0,2689	3,4483
2014-04-28	163 16:14	bgz	10511	3,3498	3,6191	0,2693	3,4534
2014-04-29	164 08:45	bgz	10517	3,3417	3,6103	0,2686	3,4450
2014-04-29	165 16:15	bgz	10523	3,3349	3,6030	0,2681	3,4380
2014-04-30	166 08:45	bgz	10529	3,3354	3,6035	0,2681	3,4385
2014-04-30	167 16:15	bgz	10535	3,3401	3,6085	0,2684	3,4433
2014-05-02	168 08:45	bgz	10541	3,3372	3,6055	0,2683	3,4404
2014-05-02	169 16:15	bgz	10547	3,3396	3,6080	0,2684	3,4428
2014-05-05	170 08:45	bgz	10553	3,3520	3,6214	0,2694	3,4556
2014-05-05	171 16:15	bgz	10559	3,3509	3,6203	0,2694	3,4545
2014-05-06	172 08:45	bgz	10565	3,3473	3,6164	0,2691	3,4508
2014-05-06	173 16:15	bgz	10571	3,3518	3,6212	0,2694	3,4554
2014-05-07	174 08:45	bgz	10577	3,3468	3,6159	0,2691	3,4503
2014-05-07	175 16:15	bgz	10583	3,3349	3,6030	0,2681	3,4380
2014-05-08	176 08:45	bgz	10589	3,3351	3,6032	0,2681	3,4382
2014-05-08	177 16:14	bgz	10595	3,3308	3,5986	0,2678	3,4338
2014-05-09	178 08:45	bgz	10601	3,3268	3,5942	0,2674	3,4296
2014-05-09	179 16:15	bgz	10607	3,3301	3,5977	0,2676	3,4330
2014-05-12	180 08:45	bgz	10613	3,3217	3,5887	0,2670	3,4244
2014-05-12	181 16:14	bgz	10619	3,3181	3,5848	0,2667	3,4207
2014-05-13	182 08:45	bgz	10625	3,3216	3,5886	0,2670	3,4243
2014-05-13	183 16:15	bgz	10631	3,3267	3,5941	0,2674	3,4295
2014-05-14	184 08:45	bgz	10637	3,3239	3,5911	0,2672	3,4267
2014-05-14	185 16:15	bgz	10641	3,3310	3,5988	0,2678	3,4340
2014-05-15	186 08:45	bgz	10645	3,3294	3,5970	0,2676	3,4323
2014-05-15	187 16:14	bgz	10649	3,3242	3,5914	0,2672	3,4270
2014-05-16	188 08:45	bgz	10653	3,3300	3,5976	0,2676	3,4329
2014-05-16	189 16:14	bgz	10657	3,3294	3,5970	0,2676	3,4323
2014-05-19	190 08:45	bgz	10661	3,3263	3,5936	0,2673	3,4291
2014-05-19	191 16:15	bgz	10665	3,3227	3,5898	0,2671	3,4254
2014-05-20	192 08:45	bgz	10669	3,3208	3,5878	0,2670	3,4235
2014-05-20	193 16:14	bgz	10673	3,3247	3,5920	0,2673	3,4275
2014-05-21	194 08:45	bgz	10677	3,3258	3,5931	0,2673	3,4286
2014-05-21	195 16:14	bgz	10681	3,3180	3,5847	0,2667	3,4206
2014-05-22	196 08:45	bgz	10685	3,3107	3,5768	0,2661	3,4130
2014-05-22	197 16:15	bgz	10689	3,3115	3,5777	0,2662	3,4139
2014-05-23	198 08:45	bgz	10693	3,3006	3,5659	0,2653	3,4026
2014-05-23	199 16:15	bgz	10697	3,3038	3,5693	0,2655	3,4059
2014-05-26	200 08:45	bgz	10701	3,3000	3,5652	0,2652	3,4020
2014-05-26	201 16:15	bgz	10705	3,3045	3,5702	0,2657	3,4067
2014-05-27	202 08:45	bgz	10709	3,3045	3,5702	0,2657	3,4067
2014-05-27	203 16:15	bgz	10713	3,3011	3,5664	0,2653	3,4031
2014-05-28	204 08:45	bgz	10717	3,3046	3,5703	0,2657	3,4068
2014-05-28	205 16:15	bgz	10721	3,2998	3,5650	0,2652	3,4018
2014-05-29	206 08:45	bgz	10725	3,2999	3,5651	0,2652	3,4019
2014-05-29	207 16:15	bgz	10729	3,2925	3,5572	0,2647	3,3943
2014-05-30	208 08:45	bgz	10733	3,2894	3,5538	0,2644	3,3911
2014-05-30	209 16:15	bgz	10737	3,2880	3,5523	0,2643	3,3896
2014-06-02	210 08:45	bgz	10741	3,2866	3,5508	0,2642	3,3882
2014-06-02	211 16:15	bgz	10745	3,2911	3,5556	0,2645	3,3928
2014-06-03	212 08:45	bgz	10749	3,2889	3,5533	0,2644	3,3906
2014-06-03	213 16:15	bgz	10753	3,2953	3,5602	0,2649	3,3972
2014-06-04	214 08:45	bgz	10757	3,2998	3,5650	0,2652	3,4018
2014-06-04	215 16:14	bgz	10761	3,2872	3,5514	0,2642	3,3888
2014-06-05	216 08:45	bgz	10765	3,2819	3,5458	0,2639	3,3834
2014-06-05	217 16:15	bgz	10769	3,2804	3,5441	0,2637	3,3818
2014-06-06	218 09:07	bgz	10773	3,2903	3,5548	0,2645	3,3920
2014-06-06	219 11:00	bgz	10777	3,2903	3,5548	0,2645	3,3920
2014-06-06	220 16:15	bgz	10781	3,2703	3,5332	0,2629	3,3714
2014-06-09	221 08:45	bgz	10785	3,2582	3,5201	0,2619	3,3589
2014-06-09	222 16:15	bgz	10789	3,2629	3,5252	0,2623	3,3638
2014-06-10	223 08:45	bgz	10793	3,2668	3,5294	0,2626	3,3678
2014-06-10	224 16:15	bgz	10797	3,2707	3,5336	0,2629	3,3718
2014-06-11	225 08:45	bgz	10801	3,2728	3,5359	0,2631	3,3740
2014-06-11	226 16:15	bgz	10805	3,2802	3,5439	0,2637	3,3816
2014-06-12	227 08:45	bgz	10809	3,2709	3,5338	0,2629	3,3720
2014-06-12	228 16:15	bgz	10813	3,2722	3,5353	0,2631	3,3734
2014-06-13	229 08:45	bgz	10817	3,2809	3,5446	0,2637	3,3823
2014-06-13	230 16:15	bgz	10821	3,2843	3,5483	0,2640	3,3858
2014-06-16	231 08:45	bgz	10825	3,2998	3,5650	0,2652	3,4018
2014-06-16	232 16:15	bgz	10829	3,2948	3,5597	0,2649	3,3967
2014-06-17	233 08:45	bgz	10833	3,2964	3,5614	0,2650	3,3983
2014-06-17	234 16:15	bgz	10837	3,2936	3,5583	0,2647	3,3954
2014-06-18	235 08:45	bgz	10841	3,3017	3,5671	0,2654	3,4038
2014-06-18	236 16:15	bgz	10845	3,2971	3,5621	0,2650	3,3990
2014-06-20	237 08:45	bgz	10849	3,3089	3,5749	0,2660	3,4112
2014-06-20	238 16:15	bgz	10853	3,3201	3,5869	0,2668	3,4227
2014-06-23	239 08:45	bgz	10857	3,3156	3,5821	0,2665	3,4181
2014-06-23	240 16:15	bgz	10861	3,3164	3,5830	0,2666	3,4189
2014-06-24	241 08:45	bgz	10865	3,3145	3,5810	0,2665	3,4170
2014-06-24	242 16:15	bgz	10869	3,3123	3,5786	0,2663	3,4147
2014-06-25	243 08:44	bgz	10873	3,3144	3,5809	0,2665	3,4169
2014-06-25	244 16:15	bgz	10877	3,3104	3,5765	0,2661	3,4127
2014-06-26	245 08:45	bgz	10881	3,2954	3,5603	0,2649	3,3973
2014-06-26	246 16:15	bgz	10885	3,3113	3,5775	0,2662	3,4137
2014-06-27	247 08:45	bgz	10889	3,3129	3,5792	0,2663	3,4153
2014-06-27	248 16:15	bgz	10893	3,3161	3,5826	0,2665	3,4186
2014-06-30	249 08:45	bgz	10897	3,3177	3,5844	0,2667	3,4203
2014-06-30	250 16:15	bgz	10901	3,3177	3,5844	0,2667	3,4203
2014-07-01	251 08:45	bgz	10905	3,3201	3,5869	0,2668	3,4227
2014-07-01	252 16:15	bgz	10909	3,3259	3,5932	0,2673	3,4287
2014-07-02	253 08:44	bgz	10913	3,3225	3,5896	0,2671	3,4252
2014-07-02	254 16:14	bgz	10917	3,3176	3,5843	0,2667	3,4202
2014-07-03	255 08:45	bgz	10921	3,3127	3,5790	0,2663	3,4151
2014-07-03	256 09:15	bgz	10925	3,3128	3,5791	0,2663	3,4152
2014-07-03	257 16:15	bgz	10929	3,3001	3,5654	0,2653	3,4021
2014-07-04	258 08:45	bgz	10933	3,3052	3,5709	0,2657	3,4074
2014-07-04	259 16:14	bgz	10937	3,3048	3,5705	0,2657	3,4070
2014-07-07	260 08:45	bgz	10941	3,3078	3,5737	0,2659	3,4101
2014-07-07	261 16:14	bgz	10945	3,3044	3,5700	0,2656	3,4065
2014-07-08	262 08:45	bgz	10949	3,3064	3,5722	0,2658	3,4086
2014-07-08	263 16:14	bgz	10953	3,3024	3,5679	0,2655	3,4045
2014-07-09	264 08:44	bgz	10957	3,2936	3,5583	0,2647	3,3954
2014-07-09	265 16:14	bgz	10961	3,2957	3,5606	0,2649	3,3976
2014-07-10	266 08:45	bgz	10965	3,2940	3,5587	0,2647	3,3958
2014-07-10	267 16:15	bgz	10969	3,3108	3,5769	0,2661	3,4131
2014-07-11	268 08:45	bgz	10973	3,3090	3,5750	0,2660	3,4113
2014-07-11	269 16:15	bgz	10977	3,3108	3,5769	0,2661	3,4131
2014-07-14	270 08:45	bgz	10981	3,3077	3,5736	0,2659	3,4100
2014-07-14	271 16:15	bgz	10985	3,3079	3,5738	0,2659	3,4102
2014-07-15	272 08:45	bgz	10989	3,3056	3,5713	0,2657	3,4078
2014-07-15	273 16:14	bgz	10993	3,3022	3,5677	0,2655	3,4043
2014-07-16	274 08:45	bgz	10997	3,2999	3,5651	0,2652	3,4019
2014-07-16	275 16:14	bgz	11001	3,2985	3,5637	0,2652	3,4005
2014-07-17	276 08:44	bgz	11005	3,3030	3,5685	0,2655	3,4051
2014-07-17	277 16:15	bgz	11009	3,3074	3,5732	0,2658	3,4096
2014-07-18	278 08:45	bgz	11013	3,3176	3,5843	0,2667	3,4202
2014-07-18	279 16:15	bgz	11017	3,3118	3,5780	0,2662	3,4142
2014-07-21	280 08:45	bgz	11021	3,3135	3,5798	0,2663	3,4159
2014-07-21	281 16:15	bgz	11025	3,3142	3,5805	0,2663	3,4166
2014-07-22	282 08:45	bgz	11029	3,3080	3,5739	0,2659	3,4103
2014-07-22	283 16:14	bgz	11033	3,3056	3,5713	0,2657	3,4078
2014-07-23	284 08:45	bgz	11037	3,3044	3,5700	0,2656	3,4065
2014-07-23	285 16:15	bgz	11041	3,2980	3,5630	0,2650	3,3999
2014-07-24	286 08:45	bgz	11045	3,3054	3,5711	0,2657	3,4076
2014-07-24	287 16:14	bgz	11049	3,3054	3,5711	0,2657	3,4076
2014-07-25	288 08:45	bgz	11053	3,3045	3,5702	0,2657	3,4067
2014-07-25	289 16:15	bgz	11057	3,3061	3,5718	0,2657	3,4083
2014-07-28	290 08:45	bgz	11061	3,3081	3,5740	0,2659	3,4104
2014-07-28	291 16:14	bgz	11065	3,3085	3,5745	0,2660	3,4108
2014-07-29	292 08:45	bgz	11069	3,3108	3,5769	0,2661	3,4131
2014-07-29	293 16:15	bgz	11073	3,3130	3,5793	0,2663	3,4154
2014-07-30	294 08:45	bgz	11077	3,3110	3,5771	0,2661	3,4133
2014-07-30	295 16:15	bgz	11081	3,3092	3,5752	0,2660	3,4115
2014-07-31	296 08:45	bgz	11085	3,3140	3,5803	0,2663	3,4164
2014-07-31	297 16:15	bgz	11089	3,3302	3,5978	0,2676	3,4331
2014-08-01	298 08:45	bgz	11093	3,3323	3,6001	0,2678	3,4353
2014-08-01	299 16:15	bgz	11097	3,3375	3,6058	0,2683	3,4407
2014-08-04	300 08:44	bgz	11101	3,3329	3,6008	0,2679	3,4359
2014-08-04	301 16:15	bgz	11105	3,3257	3,5930	0,2673	3,4285
2014-08-05	302 08:45	bgz	11109	3,3247	3,5920	0,2673	3,4275
2014-08-05	303 16:15	bgz	11113	3,3348	3,6029	0,2681	3,4379
2014-08-06	304 08:45	bgz	11117	3,3406	3,6092	0,2686	3,4439
2014-08-06	305 16:15	bgz	11121	3,3571	3,6270	0,2699	3,4609
2014-08-07	306 08:45	bgz	11125	3,3547	3,6244	0,2697	3,4584
2014-08-07	307 16:15	bgz	11129	3,3503	3,6196	0,2693	3,4539
2014-08-08	308 08:45	bgz	11133	3,3530	3,6226	0,2696	3,4567
2014-08-08	309 16:15	bgz	11137	3,3633	3,6337	0,2704	3,4673
2014-08-11	310 08:45	bgz	11141	3,3528	3,6223	0,2695	3,4564
2014-08-11	311 16:15	bgz	11145	3,3554	3,6251	0,2697	3,4591
2014-08-12	312 08:45	bgz	11149	3,3569	3,6268	0,2699	3,4607
2014-08-12	313 16:15	bgz	11153	3,3595	3,6295	0,2700	3,4633
2014-08-13	314 08:45	bgz	11157	3,3583	3,6282	0,2699	3,4621
2014-08-13	315 16:15	bgz	11161	3,3514	3,6208	0,2694	3,4550
2014-08-14	316 08:45	bgz	11165	3,3514	3,6208	0,2694	3,4550
2014-08-14	317 16:15	bgz	11169	3,3447	3,6136	0,2689	3,4481
2014-08-18	318 08:45	bgz	11173	3,3603	3,6304	0,2701	3,4642
2014-08-18	319 16:14	bgz	11177	3,3555	3,6252	0,2697	3,4592
2014-08-19	320 08:45	bgz	11181	3,3522	3,6216	0,2694	3,4558
2014-08-19	321 16:14	bgz	11185	3,3534	3,6230	0,2696	3,4571
2014-08-20	322 08:45	bgz	11189	3,3523	3,6217	0,2694	3,4559
2014-08-20	323 16:15	bgz	11193	3,3572	3,6271	0,2699	3,4610
2014-08-21	324 08:44	bgz	11197	3,3552	3,6249	0,2697	3,4589
2014-08-21	325 16:15	bgz	11201	3,3582	3,6281	0,2699	3,4620
2014-08-22	326 08:45	bgz	11205	3,3536	3,6232	0,2696	3,4573
2014-08-22	327 16:15	bgz	11209	3,3565	3,6263	0,2698	3,4603
2014-08-25	328 08:45	bgz	11213	3,3561	3,6258	0,2697	3,4598
2014-08-25	329 16:15	bgz	11217	3,3576	3,6275	0,2699	3,4614
2014-08-26	330 08:45	bgz	11221	3,3604	3,6305	0,2701	3,4643
2014-08-26	331 16:15	bgz	11225	3,3580	3,6279	0,2699	3,4618
2014-08-27	332 08:45	bgz	11229	3,3620	3,6322	0,2702	3,4659
2014-08-27	333 16:14	bgz	11233	3,3732	3,6444	0,2712	3,4775
2014-08-28	334 08:45	bgz	11237	3,3778	3,6493	0,2715	3,4822
2014-08-28	335 16:15	bgz	11241	3,3933	3,6661	0,2728	3,4982
2014-08-29	336 08:45	bgz	11245	3,4036	3,6772	0,2736	3,5088
2014-08-29	337 16:15	bgz	11249	3,3921	3,6648	0,2727	3,4970
2014-09-01	338 08:45	bgz	11253	3,3873	3,6596	0,2723	3,4920
2014-09-01	339 16:15	bgz	11257	3,3813	3,6531	0,2718	3,4858
2014-09-02	340 08:45	bgz	11261	3,3808	3,6525	0,2717	3,4853
2014-09-02	341 16:15	bgz	11265	3,3844	3,6564	0,2720	3,4890
2014-09-03	342 08:45	bgz	11269	3,3821	3,6539	0,2718	3,4866
2014-09-03	343 16:15	bgz	11273	3,3633	3,6337	0,2704	3,4673
2014-09-04	344 08:45	bgz	11277	3,3722	3,6432	0,2710	3,4764
2014-09-04	345 16:15	bgz	11281	3,3689	3,6397	0,2708	3,4730
2014-09-05	346 08:45	bgz	11285	3,3730	3,6442	0,2712	3,4773
2014-09-05	347 16:15	bgz	11289	3,3664	3,6370	0,2706	3,4705
2014-09-08	348 08:45	bgz	11293	3,3596	3,6297	0,2701	3,4635
2014-09-08	349 16:15	bgz	11297	3,3622	3,6324	0,2702	3,4661
2014-09-09	350 08:45	bgz	11301	3,3632	3,6336	0,2704	3,4672
2014-09-09	351 16:15	bgz	11305	3,3808	3,6525	0,2717	3,4853
2014-09-10	352 08:45	bgz	11309	3,3771	3,6486	0,2715	3,4815
2014-09-10	353 16:15	bgz	11313	3,3653	3,6358	0,2705	3,4693
2014-09-11	354 08:45	bgz	11317	3,3652	3,6357	0,2705	3,4692
2014-09-11	355 16:15	bgz	11321	3,3644	3,6348	0,2704	3,4684
2014-09-12	356 08:45	bgz	11325	3,3640	3,6344	0,2704	3,4680
2014-09-12	357 16:15	bgz	11329	3,3684	3,6391	0,2707	3,4725
2014-09-15	358 08:45	bgz	11333	3,3721	3,6431	0,2710	3,4763
2014-09-15	359 16:15	bgz	11337	3,3639	3,6343	0,2704	3,4679
2014-09-16	360 08:45	bgz	11341	3,3663	3,6369	0,2706	3,4704
2014-09-16	361 16:15	bgz	11345	3,3669	3,6376	0,2707	3,4710
2014-09-17	362 08:45	bgz	11349	3,3609	3,6311	0,2702	3,4648
2014-09-17	363 16:15	bgz	11353	3,3523	3,6217	0,2694	3,4559
2014-09-18	364 08:45	bgz	11357	3,3530	3,6226	0,2696	3,4567
2014-09-18	365 16:15	bgz	11361	3,3733	3,6445	0,2712	3,4776
2014-09-19	366 08:45	bgz	11365	3,3729	3,6441	0,2712	3,4772
2014-09-19	367 16:15	bgz	11369	3,3642	3,6346	0,2704	3,4682
2014-09-22	368 08:45	bgz	11373	3,3617	3,6319	0,2702	3,4656
2014-09-22	369 16:15	bgz	11377	3,3607	3,6309	0,2702	3,4646
2014-09-23	370 08:45	bgz	11381	3,3575	3,6274	0,2699	3,4613
2014-09-23	371 16:15	bgz	11385	3,3545	3,6241	0,2696	3,4582
2014-09-24	372 08:45	bgz	11389	3,3535	3,6231	0,2696	3,4572
2014-09-24	373 16:15	bgz	11393	3,3503	3,6196	0,2693	3,4539
2014-09-25	374 08:45	bgz	11397	3,3539	3,6235	0,2696	3,4576
2014-09-25	375 16:15	bgz	11401	3,3576	3,6275	0,2699	3,4614
2014-09-26	376 08:45	bgz	11405	3,3598	3,6299	0,2701	3,4637
2014-09-26	377 16:15	bgz	11409	3,3615	3,6317	0,2702	3,4654
2014-09-29	378 08:45	bgz	11413	3,3630	3,6334	0,2704	3,4670
2014-09-29	379 16:15	bgz	11417	3,3626	3,6328	0,2702	3,4665
2014-09-30	380 08:45	bgz	11421	3,3572	3,6271	0,2699	3,4610
2014-09-30	381 16:15	bgz	11425	3,3591	3,6291	0,2700	3,4629
2014-10-01	382 08:45	bgz	11429	3,3630	3,6334	0,2704	3,4670
2014-10-01	383 16:15	bgz	11433	3,3580	3,6279	0,2699	3,4618
2014-10-02	384 08:45	bgz	11437	3,3533	3,6229	0,2696	3,4570
2014-10-02	385 16:15	bgz	11441	3,3540	3,6236	0,2696	3,4577
2014-10-03	386 08:45	bgz	11445	3,3493	3,6185	0,2692	3,4528
2014-10-03	387 16:15	bgz	11449	3,3563	3,6261	0,2698	3,4601
2014-10-06	388 08:45	bgz	11453	3,3547	3,6244	0,2697	3,4584
2014-10-06	389 16:15	bgz	11457	3,3465	3,6156	0,2691	3,4500
2014-10-07	390 08:45	bgz	11461	3,3444	3,6132	0,2688	3,4478
2014-10-07	391 16:15	bgz	11465	3,3481	3,6172	0,2691	3,4516
2014-10-08	392 08:45	bgz	11469	3,3521	3,6215	0,2694	3,4557
2014-10-08	393 16:15	bgz	11473	3,3522	3,6216	0,2694	3,4558
2014-10-09	394 08:45	bgz	11477	3,3464	3,6153	0,2689	3,4498
2014-10-09	395 16:15	bgz	11481	3,3475	3,6166	0,2691	3,4510
2014-10-10	396 08:45	bgz	11485	3,3508	3,6202	0,2694	3,4544
2014-10-10	397 16:15	bgz	11489	3,3549	3,6246	0,2697	3,4586
2014-10-13	398 08:45	bgz	11493	3,3663	3,6369	0,2706	3,4704
2014-10-13	399 16:15	bgz	11497	3,3681	3,6388	0,2707	3,4722
2014-10-14	400 08:45	bgz	11501	3,3657	3,6362	0,2705	3,4697
2014-10-14	401 16:15	bgz	11505	3,3740	3,6452	0,2712	3,4783
2014-10-15	402 08:45	bgz	11509	3,3759	3,6473	0,2714	3,4803
2014-10-15	403 16:15	bgz	11513	3,3827	3,6546	0,2719	3,4873
2014-10-16	404 08:45	bgz	11517	3,3848	3,6568	0,2720	3,4894
2014-10-16	405 16:15	bgz	11521	3,4013	3,6747	0,2734	3,5064
2014-10-17	406 08:45	bgz	11525	3,4007	3,6740	0,2733	3,5058
2014-10-17	407 16:15	bgz	11529	3,4018	3,6753	0,2735	3,5070
2014-10-20	408 08:45	bgz	11533	3,3898	3,6623	0,2725	3,4946
2014-10-20	409 16:15	bgz	11537	3,3974	3,6705	0,2731	3,5024
2014-10-21	410 08:45	bgz	11541	3,3967	3,6697	0,2730	3,5017
2014-10-21	411 16:15	bgz	11545	3,3928	3,6655	0,2727	3,4977
2014-10-22	412 08:45	bgz	11549	3,3944	3,6672	0,2728	3,4993
2014-10-22	413 16:15	bgz	11553	3,3969	3,6699	0,2730	3,5019
2014-10-23	414 08:45	bgz	11557	3,4042	3,6778	0,2736	3,5094
2014-10-23	415 16:15	bgz	11561	3,4036	3,6772	0,2736	3,5088
2014-10-24	416 08:45	bgz	11565	3,3997	3,6730	0,2733	3,5048
2014-10-24	417 16:15	bgz	11569	3,3935	3,6663	0,2728	3,4984
2014-10-27	418 08:45	bgz	11573	3,3896	3,6621	0,2725	3,4944
2014-10-27	419 16:15	bgz	11577	3,3981	3,6712	0,2731	3,5031
2014-10-28	420 08:45	bgz	11581	3,3994	3,6727	0,2733	3,5045
2014-10-28	421 16:15	bgz	11585	3,3936	3,6664	0,2728	3,4985
2014-10-29	422 08:45	bgz	11589	3,3918	3,6644	0,2726	3,4966
2014-10-29	423 16:15	bgz	11593	3,3969	3,6699	0,2730	3,5019
2014-10-30	424 08:45	bgz	11597	3,3910	3,6635	0,2725	3,4958
2014-10-30	425 12:15	bgz	11601	3,3957	3,6687	0,2730	3,5007
2014-10-30	426 16:15	bgz	11605	3,3894	3,6619	0,2725	3,4942
2014-10-31	427 08:45	bgz	11609	3,3861	3,6583	0,2722	3,4908
2014-10-31	428 16:15	bgz	11613	3,3889	3,6613	0,2724	3,4937
2014-11-03	429 08:45	bgz	11617	3,3987	3,6719	0,2732	3,5038
2014-11-03	430 16:15	bgz	11621	3,3982	3,6713	0,2731	3,5032
2014-11-04	431 08:45	bgz	11625	3,3983	3,6715	0,2732	3,5034
2014-11-04	432 16:15	bgz	11629	3,4012	3,6746	0,2734	3,5063
2014-11-05	433 08:45	bgz	11633	3,4045	3,6781	0,2736	3,5097
2014-11-05	434 16:15	bgz	11637	3,4098	3,6839	0,2741	3,5152
2014-11-06	435 08:45	bgz	11641	3,4072	3,6811	0,2739	3,5125
2014-11-06	436 16:15	bgz	11645	3,3967	3,6697	0,2730	3,5017
2014-11-07	437 08:45	bgz	11649	3,3993	3,6726	0,2733	3,5044
2014-11-07	438 13:17	bgz	11653	3,4032	3,6768	0,2736	3,5084
2014-11-07	439 16:15	bgz	11657	3,4074	3,6813	0,2739	3,5127
2014-11-10	440 08:45	bgz	11661	3,4046	3,6782	0,2736	3,5098
2014-11-10	441 16:15	bgz	11665	3,4023	3,6758	0,2735	3,5075
2014-11-12	442 08:45	bgz	11669	3,4020	3,6755	0,2735	3,5072
2014-11-12	443 16:15	bgz	11673	3,4042	3,6778	0,2736	3,5094
2014-11-13	444 08:45	bgz	11677	3,4062	3,6800	0,2738	3,5115
2014-11-13	445 16:15	bgz	11681	3,4135	3,6879	0,2744	3,5190
2014-11-14	446 08:45	bgz	11685	3,4201	3,6950	0,2749	3,5258
2014-11-14	447 16:15	bgz	11689	3,4110	3,6851	0,2741	3,5164
2014-11-17	448 08:45	bgz	11693	3,4134	3,6878	0,2744	3,5189
2014-11-17	449 16:15	bgz	11697	3,4095	3,6836	0,2741	3,5149
2014-11-18	450 08:45	bgz	11701	3,4083	3,6823	0,2740	3,5137
2014-11-18	451 16:15	bgz	11705	3,4038	3,6774	0,2736	3,5090
2014-11-19	452 08:45	bgz	11709	3,4028	3,6763	0,2735	3,5080
2014-11-19	453 16:15	bgz	11713	3,4070	3,6808	0,2738	3,5123
2014-11-20	454 08:45	bgz	11717	3,4071	3,6809	0,2738	3,5124
2014-11-20	455 16:15	bgz	11721	3,4024	3,6759	0,2735	3,5076
2014-11-21	456 08:45	bgz	11725	3,3986	3,6718	0,2732	3,5037
2014-11-21	457 16:15	bgz	11729	3,3910	3,6635	0,2725	3,4958
2014-11-24	458 08:45	bgz	11733	3,3874	3,6597	0,2723	3,4921
2014-11-24	459 16:15	bgz	11737	3,3841	3,6561	0,2720	3,4887
2014-11-25	460 08:45	bgz	11741	3,3842	3,6562	0,2720	3,4888
2014-11-25	461 16:15	bgz	11745	3,3756	3,6469	0,2713	3,4799
2014-11-26	462 08:45	bgz	11749	3,3667	3,6373	0,2706	3,4708
2014-11-26	463 16:15	bgz	11753	3,3713	3,6423	0,2710	3,4755
2014-11-27	464 08:45	bgz	11757	3,3723	3,6433	0,2710	3,4765
2014-11-27	465 16:15	bgz	11761	3,3734	3,6446	0,2712	3,4777
2014-11-28	466 08:45	bgz	11765	3,3712	3,6422	0,2710	3,4754
2014-11-28	467 16:15	bgz	11769	3,3729	3,6441	0,2712	3,4772
2014-12-01	468 08:45	bgz	11773	3,3736	3,6448	0,2712	3,4779
2014-12-01	469 16:15	bgz	11777	3,3717	3,6427	0,2710	3,4759
2014-12-02	470 08:45	bgz	11781	3,3667	3,6373	0,2706	3,4708
2014-12-02	471 16:15	bgz	11785	3,3562	3,6260	0,2698	3,4600
2014-12-03	472 08:45	bgz	11789	3,3544	3,6240	0,2696	3,4581
2014-12-03	473 16:15	bgz	11793	3,3513	3,6207	0,2694	3,4549
2014-12-04	474 08:45	bgz	11797	3,3475	3,6166	0,2691	3,4510
2014-12-04	475 16:15	bgz	11801	3,3554	3,6251	0,2697	3,4591
2014-12-05	476 08:45	bgz	11805	3,3524	3,6218	0,2694	3,4560
2014-12-05	477 16:15	bgz	11809	3,3571	3,6270	0,2699	3,4609
2014-12-08	478 08:45	bgz	11813	3,3563	3,6261	0,2698	3,4601
2014-12-08	479 16:15	bgz	11817	3,3590	3,6290	0,2700	3,4628
2014-12-09	480 08:45	bgz	11821	3,3578	3,6277	0,2699	3,4616
2014-12-09	481 16:15	bgz	11825	3,3578	3,6277	0,2699	3,4616
2014-12-10	482 08:45	bgz	11829	3,3556	3,6253	0,2697	3,4593
2014-12-10	483 16:15	bgz	11833	3,3589	3,6289	0,2700	3,4627
2014-12-11	484 08:45	bgz	11837	3,3636	3,6340	0,2704	3,4676
2014-12-11	485 16:15	bgz	11841	3,3718	3,6428	0,2710	3,4760
2014-12-12	486 08:45	bgz	11845	3,3709	3,6419	0,2710	3,4751
2014-12-12	487 16:15	bgz	11849	3,3724	3,6435	0,2711	3,4767
2014-12-15	488 08:45	bgz	11853	3,3766	3,6480	0,2714	3,4810
2014-12-15	489 14:26	bgz	11857	3,3751	3,6464	0,2713	3,4794
2014-12-15	490 16:15	bgz	11861	3,3713	3,6423	0,2710	3,4755
2014-12-16	491 08:45	bgz	11865	3,3764	3,6478	0,2714	3,4808
2014-12-16	492 10:13	bgz	11869	3,3853	3,6575	0,2722	3,4900
2014-12-16	493 13:59	bgz	11873	3,4020	3,6755	0,2735	3,5072
2014-12-16	494 16:15	bgz	11877	3,4025	3,6760	0,2735	3,5077
2014-12-17	495 08:45	bgz	11881	3,4060	3,6798	0,2738	3,5113
2014-12-17	496 16:13	bgz	11885	3,4109	3,6850	0,2741	3,5163
2014-12-18	497 08:45	bgz	11889	3,3929	3,6656	0,2727	3,4978
2014-12-18	498 16:15	bgz	11893	3,4233	3,6984	0,2751	3,5291
2014-12-19	499 08:45	bgz	11897	3,4233	3,6984	0,2751	3,5291
2014-12-19	500 16:15	bgz	11901	3,4406	3,7172	0,2766	3,5470
2014-12-22	501 08:45	bgz	11905	3,4290	3,7046	0,2756	3,5350
2014-12-22	502 16:15	bgz	11909	3,4437	3,7206	0,2769	3,5502
2014-12-23	503 08:45	bgz	11911	3,4368	3,7130	0,2762	3,5430
2014-12-23	504 16:14	bgz	11913	3,4660	3,7446	0,2786	3,5731
2014-12-24	505 08:45	bgz	11915	3,4677	3,7464	0,2787	3,5749
2014-12-29	506 08:45	bgz	11917	3,5033	3,7849	0,2816	3,6116
2014-12-29	507 16:15	bgz	11919	3,4682	3,7470	0,2788	3,5754
2014-12-30	508 08:45	bgz	11921	3,4644	3,7429	0,2785	3,5715
2014-12-30	509 16:15	bgz	11923	3,4651	3,7436	0,2785	3,5722
2014-12-31	510 08:45	bgz	11925	3,4541	3,7318	0,2777	3,5609
2014-12-31	511 16:15	bgz	11927	3,4612	3,7394	0,2782	3,5682
2015-01-02	001 08:45	bgz	9827	3,4758	3,7551	0,2793	3,5832
2015-01-02	002 16:15	bgz	9831	3,4731	3,7523	0,2792	3,5805
2015-01-05	003 08:45	bgz	9835	3,4802	3,7600	0,2798	3,5878
2015-01-05	004 16:15	bgz	9839	3,4700	3,7490	0,2790	3,5773
2015-01-07	005 08:45	bgz	9843	3,4879	3,7682	0,2803	3,5957
2015-01-07	006 16:15	bgz	9847	3,4771	3,7566	0,2795	3,5846
2015-01-08	007 08:45	bgz	9851	3,4663	3,7450	0,2787	3,5735
2015-01-08	008 16:15	bgz	9855	3,4634	3,7418	0,2784	3,5705
2015-01-09	009 08:45	bgz	9859	3,4593	3,7373	0,2780	3,5662
2015-01-09	010 16:15	bgz	9863	3,4395	3,7159	0,2764	3,5458
2015-01-12	011 08:45	bgz	9867	3,4460	3,7230	0,2770	3,5525
2015-01-12	012 16:15	bgz	9871	3,4573	3,7352	0,2779	3,5642
2015-01-13	013 08:45	bgz	9875	3,4594	3,7374	0,2780	3,5663
2015-01-13	014 16:15	bgz	9879	3,4600	3,7382	0,2782	3,5670
2015-01-14	015 08:45	bgz	9883	3,4659	3,7445	0,2786	3,5730
2015-01-14	016 16:15	bgz	9887	3,4629	3,7413	0,2784	3,5700
2015-01-15	017 08:45	bgz	9891	3,4349	3,7110	0,2761	3,5411
2015-01-15	018 10:53	bgz	9895	3,7982	4,1035	0,3053	3,9156
2015-01-15	019 11:23	bgz	9899	4,1224	4,4537	0,3313	4,2498
2015-01-15	020 11:44	bgz	9903	4,0054	4,3274	0,3220	4,1292
2015-01-15	021 16:15	bgz	9907	4,0471	4,3724	0,3253	4,1722
2015-01-16	022 08:45	bgz	9911	4,0898	4,4185	0,3287	4,2162
2015-01-16	023 16:15	bgz	9915	4,2414	4,5823	0,3409	4,3725
2015-01-19	024 08:45	bgz	9919	4,1637	4,4984	0,3347	4,2924
2015-01-19	025 16:15	bgz	9923	4,1370	4,4696	0,3326	4,2649
2015-01-20	026 08:45	bgz	9927	4,1140	4,4447	0,3307	4,2412
2015-01-20	027 16:15	bgz	9931	4,1693	4,5045	0,3352	4,2982
2015-01-21	028 08:45	bgz	9935	4,1568	4,4909	0,3341	4,2853
2015-01-21	029 16:15	bgz	9939	4,1923	4,5293	0,3370	4,3219
2015-01-22	030 08:45	bgz	9943	4,1867	4,5232	0,3365	4,3161
2015-01-22	031 16:15	bgz	9947	4,1829	4,5191	0,3362	4,3122
2015-01-23	032 08:45	bgz	9951	4,1712	4,5066	0,3354	4,3002
2015-01-23	033 16:15	bgz	9955	4,1649	4,4997	0,3348	4,2937
2015-01-26	034 08:45	bgz	9959	4,1542	4,4881	0,3339	4,2826
2015-01-26	035 16:15	bgz	9963	4,0593	4,3856	0,3263	4,1848
2015-01-27	036 08:45	bgz	9967	4,0229	4,3463	0,3234	4,1473
2015-01-27	037 16:15	bgz	9971	4,0184	4,3414	0,3230	4,1426
2015-01-28	038 08:45	bgz	9975	3,9871	4,3076	0,3205	4,1104
2015-01-28	039 16:15	bgz	9979	4,0145	4,3372	0,3227	4,1386
2015-01-29	040 08:45	bgz	9983	4,0146	4,3373	0,3227	4,1387
2015-01-29	041 16:15	bgz	9987	3,9240	4,2394	0,3154	4,0453
2015-01-30	042 08:45	bgz	9991	3,9746	4,0752	0,1006	4,0249
2015-01-30	043 12:22	bgz	9995	3,9703	4,0707	0,1004	4,0205
2015-01-30	044 16:15	bgz	9999	3,9493	4,0491	0,0998	3,9992
2015-02-02	045 08:45	bgz	10003	3,9288	4,0282	0,0994	3,9785
2015-02-02	046 09:58	bgz	10007	3,8893	3,9877	0,0984	3,9385
2015-02-02	047 16:15	bgz	10011	3,9206	4,0198	0,0992	3,9702
2015-02-03	048 08:45	bgz	10015	3,9305	4,0299	0,0994	3,9802
2015-02-03	049 16:15	bgz	10019	3,9097	4,0085	0,0988	3,9591
2015-02-04	050 08:45	bgz	10023	3,8898	3,9882	0,0984	3,9390
2015-02-04	051 16:15	bgz	10027	3,8885	3,9869	0,0984	3,9377
2015-02-05	052 08:45	bgz	10031	3,9177	4,0167	0,0990	3,9672
2015-02-05	053 16:15	bgz	10035	3,8868	3,9852	0,0984	3,9360
2015-02-06	054 08:45	bgz	10039	3,8935	3,9919	0,0984	3,9427
2015-02-06	055 16:15	bgz	10043	3,9059	4,0047	0,0988	3,9553
2015-02-09	056 08:45	bgz	10047	3,9140	4,0130	0,0990	3,9635
2015-02-09	057 13:57	bgz	10051	3,9580	4,0582	0,1002	4,0081
2015-02-09	058 16:15	bgz	10055	3,9575	4,0575	0,1000	4,0075
2015-02-10	059 08:45	bgz	10059	3,9467	4,0465	0,0998	3,9966
2015-02-10	060 16:15	bgz	10063	3,9620	4,0622	0,1002	4,0121
2015-02-11	061 08:45	bgz	10067	3,9565	4,0565	0,1000	4,0065
2015-02-11	062 16:15	bgz	10071	3,9799	4,0805	0,1006	4,0302
2015-02-12	063 08:45	bgz	10075	3,9576	4,0576	0,1000	4,0076
2015-02-12	064 11:32	bgz	10079	3,9178	4,0168	0,0990	3,9673
2015-02-12	065 16:15	bgz	10083	3,9012	3,9998	0,0986	3,9505
2015-02-13	066 08:45	bgz	10087	3,8854	3,9836	0,0982	3,9345
2015-02-13	067 16:15	bgz	10091	3,8919	3,9903	0,0984	3,9411
2015-02-16	068 08:45	bgz	10095	3,8917	3,9901	0,0984	3,9409
2015-02-16	069 16:14	bgz	10099	3,8859	3,9841	0,0982	3,9350
2015-02-17	070 08:45	bgz	10103	3,8935	3,9919	0,0984	3,9427
2015-02-17	071 16:15	bgz	10107	3,8916	3,9900	0,0984	3,9408
2015-02-18	072 08:45	bgz	10111	3,8791	3,9773	0,0982	3,9282
2015-02-18	073 16:15	bgz	10115	3,8648	3,9626	0,0978	3,9137
2015-02-19	074 08:45	bgz	10119	3,8351	3,9321	0,0970	3,8836
2015-02-19	075 16:15	bgz	10123	3,8189	3,9155	0,0966	3,8672
2015-02-20	076 08:45	bgz	10127	3,8147	3,9111	0,0964	3,8629
2015-02-20	077 14:32	bgz	10131	3,8536	3,9510	0,0974	3,9023
2015-02-20	078 16:15	bgz	10135	3,8667	3,9645	0,0978	3,9156
2015-02-23	079 08:45	bgz	10139	3,8384	3,9354	0,0970	3,8869
2015-02-23	080 16:15	bgz	10143	3,8456	3,9428	0,0972	3,8942
2015-02-24	081 08:45	bgz	10147	3,8337	3,9307	0,0970	3,8822
2015-02-24	082 16:15	bgz	10151	3,8239	3,9207	0,0968	3,8723
2015-02-25	083 08:45	bgz	10155	3,8126	3,9090	0,0964	3,8608
2015-02-25	084 16:15	bgz	10159	3,8187	3,9153	0,0966	3,8670
2015-02-26	085 08:45	bgz	10163	3,8117	3,9081	0,0964	3,8599
2015-02-26	086 16:15	bgz	10167	3,8287	3,9255	0,0968	3,8771
2015-02-27	087 08:45	bgz	10171	3,8462	3,9434	0,0972	3,8948
2015-02-27	088 16:15	bgz	10175	3,8630	3,9606	0,0976	3,9118
2015-03-02	089 08:45	bgz	10179	3,8364	3,9334	0,0970	3,8849
2015-03-02	090 16:15	bgz	10183	3,8236	3,9204	0,0968	3,8720
2015-03-03	091 08:45	bgz	10187	3,8238	3,9206	0,0968	3,8722
2015-03-03	092 16:15	bgz	10191	3,8333	3,9303	0,0970	3,8818
2015-03-04	093 08:45	bgz	10195	3,8350	3,9320	0,0970	3,8835
2015-03-04	094 16:15	bgz	10199	3,8709	3,9687	0,0978	3,9198
2015-03-05	095 08:45	bgz	10203	3,8300	3,9268	0,0968	3,8784
2015-03-05	096 16:15	bgz	10207	3,8254	3,9222	0,0968	3,8738
2015-03-06	097 08:45	bgz	10211	3,8123	3,9087	0,0964	3,8605
2015-03-06	098 16:15	bgz	10215	3,8191	3,9157	0,0966	3,8674
2015-03-09	099 08:45	bgz	10219	3,8136	3,9100	0,0964	3,8618
2015-03-09	100 16:15	bgz	10223	3,8013	3,8975	0,0962	3,8494
2015-03-10	101 08:45	bgz	10227	3,8048	3,9010	0,0962	3,8529
2015-03-10	102 16:15	bgz	10231	3,8217	3,9183	0,0966	3,8700
2015-03-11	103 08:45	bgz	10235	3,8446	3,9418	0,0972	3,8932
2015-03-11	104 16:15	bgz	10239	3,8328	3,9298	0,0970	3,8813
2015-03-12	105 08:45	bgz	10243	3,8258	3,9226	0,0968	3,8742
2015-03-12	106 16:15	bgz	10247	3,8325	3,9295	0,0970	3,8810
2015-03-13	107 08:45	bgz	10251	3,8469	3,9441	0,0972	3,8955
2015-03-13	108 17:00	bgz	10255	3,8766	3,9746	0,0980	3,9256
2015-03-16	109 08:45	bgz	10259	3,8737	3,9717	0,0980	3,9227
2015-03-16	110 14:54	bgz	10263	3,8315	3,9285	0,0970	3,8800
2015-03-16	111 16:14	bgz	10267	3,8325	3,9295	0,0970	3,8810
2015-03-17	112 08:45	bgz	10271	3,8232	3,9198	0,0966	3,8715
2015-03-17	113 16:15	bgz	10275	3,8431	3,9403	0,0972	3,8917
2015-03-18	114 08:45	bgz	10279	3,8361	3,9331	0,0970	3,8846
2015-03-18	115 16:15	bgz	10283	3,8582	3,9558	0,0976	3,9070
2015-03-19	116 08:44	bgz	10287	3,8378	3,9348	0,0970	3,8863
2015-03-19	117 11:07	bgz	10291	3,8468	3,9440	0,0972	3,8954
2015-03-19	118 16:15	bgz	10295	3,8542	3,9516	0,0974	3,9029
2015-03-20	119 08:45	bgz	10299	3,8598	3,9574	0,0976	3,9086
2015-03-20	120 16:15	bgz	10303	3,8767	3,9747	0,0980	3,9257
2015-03-23	121 08:45	bgz	10307	3,8628	3,9604	0,0976	3,9116
2015-03-23	122 16:15	bgz	10311	3,8361	3,9331	0,0970	3,8846
2015-03-24	123 08:45	bgz	10315	3,8397	3,9369	0,0972	3,8883
2015-03-24	124 14:36	bgz	10319	3,8788	3,9768	0,0980	3,9278
2015-03-24	125 16:15	bgz	10323	3,8916	3,9900	0,0984	3,9408
2015-03-25	126 08:45	bgz	10327	3,8590	3,9566	0,0976	3,9078
2015-03-25	127 16:15	bgz	10331	3,8332	3,9302	0,0970	3,8817
2015-03-26	128 08:45	bgz	10335	3,8396	3,9368	0,0972	3,8882
2015-03-26	129 16:15	bgz	10339	3,8565	3,9541	0,0976	3,9053
2015-03-27	130 08:45	bgz	10343	3,8449	3,9421	0,0972	3,8935
2015-03-27	131 16:15	bgz	10347	3,8657	3,9635	0,0978	3,9146
2015-03-30	132 08:45	bgz	10351	3,8721	3,9701	0,0980	3,9211
2015-03-30	133 16:15	bgz	10355	3,8675	3,9653	0,0978	3,9164
2015-03-31	134 08:44	bgz	10359	3,8615	3,9591	0,0976	3,9103
2015-03-31	135 16:15	bgz	10363	3,8587	3,9563	0,0976	3,9075
2015-04-01	136 08:45	bgz	10367	3,8462	3,9434	0,0972	3,8948
2015-04-01	137 16:15	bgz	10371	3,8542	3,9516	0,0974	3,9029
2015-04-02	138 08:45	bgz	10375	3,8527	3,9501	0,0974	3,9014
2015-04-02	139 16:15	bgz	10379	3,8638	3,9616	0,0978	3,9127
2015-04-03	140 08:45	bgz	10383	3,8500	3,9474	0,0974	3,8987
2015-04-03	141 16:15	bgz	10387	3,8359	3,9329	0,0970	3,8844
2015-04-07	142 08:45	bgz	10391	3,8437	3,9409	0,0972	3,8923
2015-04-07	143 13:47	bgz	10395	3,8336	3,9306	0,0970	3,8821
2015-04-07	144 16:15	bgz	10399	3,8389	3,9359	0,0970	3,8874
2015-04-08	145 08:44	bgz	10405	3,8168	3,9134	0,0966	3,8651
2015-04-08	146 16:15	bgz	10411	3,7929	3,8889	0,0960	3,8409
2015-04-09	147 08:45	bgz	10417	3,7972	3,8932	0,0960	3,8452
2015-04-09	148 16:15	bgz	10423	3,8096	3,9060	0,0964	3,8578
2015-04-10	149 08:44	bgz	10429	3,8202	3,9168	0,0966	3,8685
2015-04-10	150 16:15	bgz	10435	3,8119	3,9083	0,0964	3,8601
2015-04-13	151 08:45	bgz	10441	3,8237	3,9205	0,0968	3,8721
2015-04-13	152 16:15	bgz	10447	3,8217	3,9183	0,0966	3,8700
2015-04-14	153 08:45	bgz	10453	3,8362	3,9332	0,0970	3,8847
2015-04-14	154 16:15	bgz	10459	3,8154	3,9118	0,0964	3,8636
2015-04-15	155 08:45	bgz	10465	3,8259	3,9227	0,0968	3,8743
2015-04-15	156 16:15	bgz	10471	3,8471	3,9443	0,0972	3,8957
2015-04-16	157 08:45	bgz	10477	3,8472	3,9444	0,0972	3,8958
2015-04-16	158 16:15	bgz	10483	3,8524	3,9498	0,0974	3,9011
2015-04-17	159 08:45	bgz	10489	3,8553	3,9529	0,0976	3,9041
2015-04-17	160 16:15	bgz	10495	3,8599	3,9575	0,0976	3,9087
2015-04-20	161 08:45	bgz	10501	3,8675	3,9653	0,0978	3,9164
2015-04-20	162 14:42	bgz	10507	3,8350	3,9320	0,0970	3,8835
2015-04-20	163 16:15	bgz	10513	3,8452	3,9424	0,0972	3,8938
2015-04-21	164 08:45	bgz	10519	3,8342	3,9312	0,0970	3,8827
2015-04-21	165 16:15	bgz	10525	3,8332	3,9302	0,0970	3,8817
2015-04-22	166 08:45	bgz	10531	3,8388	3,9358	0,0970	3,8873
2015-04-22	167 16:15	bgz	10537	3,8207	3,9173	0,0966	3,8690
2015-04-23	168 08:45	bgz	10543	3,8000	3,8962	0,0962	3,8481
2015-04-23	169 16:15	bgz	10549	3,8177	3,9143	0,0966	3,8660
2015-04-24	170 08:45	bgz	10555	3,8192	3,9158	0,0966	3,8675
2015-04-24	171 16:15	bgz	10561	3,8410	3,9382	0,0972	3,8896
2015-04-27	172 08:45	bgz	10567	3,8424	3,9396	0,0972	3,8910
2015-04-27	173 16:15	bgz	10573	3,8038	3,9000	0,0962	3,8519
2015-04-28	174 08:45	bgz	10579	3,7914	3,8872	0,0958	3,8393
2015-04-28	175 16:15	bgz	10585	3,7701	3,8655	0,0954	3,8178
2015-04-28	176 16:15	bgz	10591	3,7701	3,8655	0,0954	3,8178
2015-04-29	177 08:45	bgz	10597	3,7616	3,8568	0,0952	3,8092
2015-04-29	178 08:45	bgz	10603	3,7616	3,8568	0,0952	3,8092
2015-04-29	179 16:15	bgz	10609	3,7805	3,8761	0,0956	3,8283
2015-04-29	180 16:15	bgz	10615	3,7805	3,8761	0,0956	3,8283
2015-04-30	181 08:45	bgz	10621	3,8003	3,8965	0,0962	3,8484
2015-04-30	182 16:15	bgz	10627	3,7949	3,8909	0,0960	3,8429
2015-04-30	183 16:15	bgz	10633	3,7949	3,8909	0,0960	3,8429
